3.592549264430999756e-02
-2.944242209196090698e-02
2.139361808076500893e-03
-9.854253381490707397e-03
1.394288428127765656e-02
7.073154672980308533e-03
-1.579707860946655273e-02
2.317399950698018074e-03
-2.973973378539085388e-02
2.975089289247989655e-02
-1.248820964246988297e-02
2.587360888719558716e-02
-1.958308927714824677e-02
-2.038631588220596313e-02
3.508144582156091928e-04
-1.446133665740489960e-02
4.138284921646118164e-02
2.428983338177204132e-02
3.143988177180290222e-02
2.250604517757892609e-02
1.840421929955482483e-02
2.909410558640956879e-02
2.523078769445419312e-02
2.692339755594730377e-02
3.896409645676612854e-02
-9.521155734546482563e-04
1.885923743247985840e-02
1.707699894905090332e-02
3.271296387538313866e-03
-1.047412049956619740e-03
1.086956262588500977e-02
2.441431023180484772e-02
6.549376249313354492e-02
-7.984943687915802002e-03
4.791089799255132675e-03
2.491970546543598175e-02
2.746786177158355713e-02
-8.618458174169063568e-03
4.810668062418699265e-03
-1.780205406248569489e-02
1.872108317911624908e-02
7.013507653027772903e-03
-1.772393099963665009e-02
3.171087428927421570e-02
-1.509770471602678299e-02
7.451315410435199738e-03
8.246671408414840698e-03
2.100579440593719482e-02
-7.441011723130941391e-03
1.827739365398883820e-02
-3.373478725552558899e-02
-1.853655837476253510e-02
2.927984297275543213e-02
-2.087709307670593262e-02
-2.985260076820850372e-02
1.602028682827949524e-02
1.446698047220706940e-02
-2.679056674242019653e-02
-7.241056766360998154e-03
2.860100241377949715e-03
-2.921238541603088379e-02
-2.683150209486484528e-02
-8.091167546808719635e-03
5.610373336821794510e-03
-5.754438694566488266e-03
1.391898468136787415e-02
-2.004831656813621521e-02
-2.581671869847923517e-04
-2.719996497035026550e-02
-1.431542262434959412e-02
-1.955034956336021423e-02
1.860800944268703461e-02
4.048849642276763916e-02
4.219066351652145386e-02
-2.259477600455284119e-02
2.544264122843742371e-02
5.785260815173387527e-03
-3.984598815441131592e-02
-1.280856505036354065e-02
-2.330554416403174400e-03
-4.300396516919136047e-02
5.475474521517753601e-03
1.894683204591274261e-02
-7.292008376680314541e-05
-2.937905490398406982e-02
-1.798001490533351898e-02
3.477546945214271545e-02
2.157595194876194000e-02
2.169105596840381622e-02
-1.917080581188201904e-02
2.440622262656688690e-02
2.152654901146888733e-02
2.466584369540214539e-02
5.253735184669494629e-02
2.907208167016506195e-02
2.184131368994712830e-02
3.515638038516044617e-02
5.054220557212829590e-02
2.184184826910495758e-02
9.079057723283767700e-03
