-3.970079660415649414e+00 2.636576175689697266e+00 -3.039507389068603516e+00 8.731371879577636719e+00 -6.467866897583007812e+00 9.056899070739746094e+00 -9.519521594047546387e-01 -8.310298919677734375e+00 2.479066133499145508e+00 2.806874275207519531e+00
-2.563144445419311523e+00 3.649886846542358398e-01 5.231445789337158203e+00 1.176509952545166016e+01 -1.027979850769042969e+01 5.501127719879150391e+00 -8.185359954833984375e+00 -4.739908695220947266e+00 1.422985315322875977e+00 6.781705021858215332e-01
-4.152485728263854980e-01 -7.807537555694580078e+00 -1.294810414314270020e+00 -3.379645943641662598e-01 -9.962777137756347656e+00 1.538988232612609863e+00 -2.520215749740600586e+00 -8.079554557800292969e+00 1.724853706359863281e+01 3.793624877929687500e+00
1.680043983459472656e+01 -1.176649570465087891e+01 5.357799053192138672e+00 -3.269611358642578125e+00 -1.057146263122558594e+01 5.991840362548828125e+00 1.880314111709594727e+00 2.764700174331665039e+00 -4.975077152252197266e+00 4.363675117492675781e-01
-1.120852351188659668e+00 1.368881464004516602e-01 5.216091275215148926e-01 -4.912340641021728516e+00 -5.508168697357177734e+00 4.082175254821777344e+00 1.192103672027587891e+01 -6.077699184417724609e+00 3.181538343429565430e+00 -3.923632383346557617e+00
-6.991400718688964844e+00 -2.288262367248535156e+00 -1.704042553901672363e+00 -6.836554408073425293e-01 1.303618550300598145e+00 -1.122958183288574219e+00 -3.252260923385620117e+00 8.566226005554199219e+00 -8.042343854904174805e-01 3.105251073837280273e+00
1.185592293739318848e+00 8.938099145889282227e-01 3.249797582626342773e+00 4.435929656028747559e-01 -1.041789150238037109e+01 -7.257949352264404297e+00 -3.103533506393432617e+00 -3.410972833633422852e+00 1.163393211364746094e+01 8.480647802352905273e-01
-7.266255855560302734e+00 -1.170759558677673340e+00 2.522769212722778320e+00 3.515586137771606445e+00 -2.419445276260375977e+00 -3.285258769989013672e+00 -8.568036079406738281e+00 8.551702499389648438e+00 -5.206469297409057617e-01 2.271230459213256836e+00
-9.568991065025329590e-01 -1.960947632789611816e+00 -4.731354713439941406e+00 5.219444751739501953e+00 -7.195787429809570312e+00 1.366615200042724609e+01 -1.157595872879028320e+00 -5.861096382141113281e+00 2.119587659835815430e+00 6.960206031799316406e+00
-4.604596614837646484e+00 6.837843418121337891e+00 6.447285175323486328e+00 -1.995203733444213867e+00 -2.211374521255493164e+00 -3.767297744750976562e+00 1.956327915191650391e+00 1.659197211265563965e-01 -2.587255239486694336e+00 -7.190165996551513672e+00
-3.276619672775268555e+00 -4.965828418731689453e+00 4.126848697662353516e+00 3.446285724639892578e+00 -7.739976406097412109e+00 -3.526397705078125000e+00 -1.407703971862792969e+01 1.743182945251464844e+01 3.476276159286499023e+00 1.944830417633056641e-01
-3.155152082443237305e+00 -6.741242885589599609e+00 3.273416519165039062e+00 5.508872032165527344e+00 -4.480750560760498047e+00 -2.560576915740966797e+00 -4.244290828704833984e+00 -6.343093395233154297e+00 1.461308288574218750e+01 -1.258952021598815918e-01
-5.978370666503906250e+00 2.522526979446411133e+00 2.769756913185119629e-01 1.784164428710937500e+01 -6.893544673919677734e+00 9.579279899597167969e+00 -9.515052795410156250e+00 -9.021507263183593750e+00 2.597140371799468994e-01 1.985162496566772461e+00
-7.874823570251464844e+00 8.579213142395019531e+00 -1.926194787025451660e+00 -1.239102840423583984e+00 2.251985788345336914e+00 -3.525749206542968750e+00 -1.078490734100341797e+00 -1.995179057121276855e-01 2.375878334045410156e+00 -4.774971604347229004e-01
5.159518241882324219e+00 -1.012828540802001953e+01 4.934733867645263672e+00 -5.724512577056884766e+00 1.189329719543457031e+01 -3.414618015289306641e+00 5.134418487548828125e+00 -3.706844568252563477e+00 -3.842747449874877930e+00 -4.562163829803466797e+00
-7.797594070434570312e+00 1.023764705657958984e+01 -2.708286523818969727e+00 7.569227814674377441e-01 1.134735107421875000e+00 -3.087889194488525391e+00 -7.571340203285217285e-01 -8.938135504722595215e-01 3.221659421920776367e+00 -2.875025033950805664e+00
6.141694188117980957e-01 9.323455095291137695e-01 2.336257249116897583e-01 6.309570789337158203e+00 -5.443794250488281250e+00 3.892643451690673828e+00 -4.607136249542236328e+00 -3.460053920745849609e+00 2.053526401519775391e+00 -1.004703760147094727e+00
-5.132411956787109375e+00 -3.426816701889038086e+00 -4.200154781341552734e+00 2.663496017456054688e+00 2.102416753768920898e+00 1.639409422874450684e+00 -8.608391761779785156e+00 2.099399805068969727e+00 -1.003916382789611816e+00 8.632453918457031250e+00
-8.510897636413574219e+00 1.040847396850585938e+01 -3.766415834426879883e+00 1.819856166839599609e+00 7.318439483642578125e-01 -2.733387470245361328e+00 -5.904051661491394043e-01 -1.478964924812316895e+00 3.215676069259643555e+00 -1.957647085189819336e+00
3.835129737854003906e+00 -6.867114067077636719e+00 -9.576150774955749512e-01 2.506799459457397461e+00 -9.145547866821289062e+00 4.583773136138916016e+00 -1.159639167785644531e+01 1.452492237091064453e+01 -6.231308460235595703e+00 4.488440513610839844e+00
-4.821073055267333984e+00 -1.670909500122070312e+01 -3.361256122589111328e-01 1.451587200164794922e+00 -2.295508623123168945e+00 8.694261312484741211e-01 -8.530982971191406250e+00 -2.798969507217407227e+00 2.012331008911132812e+01 6.554858684539794922e+00
-5.063419818878173828e+00 -4.040812969207763672e+00 4.487765312194824219e+00 3.511856555938720703e+00 -9.181317329406738281e+00 -3.533262491226196289e+00 -1.147215366363525391e-01 -3.436398029327392578e+00 1.410973644256591797e+01 -3.666164875030517578e-01
-5.978570461273193359e+00 -4.475587368011474609e+00 1.874453574419021606e-01 4.851338267326354980e-01 -1.454286098480224609e+00 4.447453916072845459e-01 -2.705414295196533203e+00 -2.942943572998046875e+00 1.383951377868652344e+01 2.120226144790649414e+00
-1.378700375556945801e+00 1.832442402839660645e+00 9.215840339660644531e+00 3.218251943588256836e+00 -6.342443943023681641e+00 -6.035590648651123047e+00 -6.305312156677246094e+00 4.727916121482849121e-01 3.294263362884521484e+00 -3.753481149673461914e+00
1.001054859161376953e+01 -6.860498905181884766e+00 2.616939783096313477e+00 -1.660279393196105957e+00 1.381460309028625488e+00 1.554543137550354004e+00 1.199025535583496094e+01 -3.932060480117797852e+00 -9.094918251037597656e+00 -3.270374059677124023e+00
9.970911145210266113e-01 -6.676921844482421875e+00 -6.768452525138854980e-01 4.603944301605224609e+00 -9.615081787109375000e+00 1.030835747718811035e+00 -1.622582197189331055e+00 -8.571075439453125000e+00 1.840999984741210938e+01 1.773700475692749023e+00
1.031343650817871094e+01 -7.248895168304443359e+00 1.771955132484436035e+00 -1.589893817901611328e+00 -5.634722232818603516e+00 5.793886184692382812e-01 -4.818593859672546387e-01 1.407606601715087891e+00 1.733151078224182129e+00 -7.209634035825729370e-02
-6.883833885192871094e+00 8.162031173706054688e+00 2.015828639268875122e-01 3.181413412094116211e-01 3.014283895492553711e+00 -6.010485172271728516e+00 -4.343526840209960938e+00 4.118200778961181641e+00 3.262653946876525879e-02 -3.744778633117675781e+00
-3.786589860916137695e+00 6.888295412063598633e-01 1.051354789733886719e+01 2.250795602798461914e+00 -4.451600551605224609e+00 -3.731998205184936523e+00 -6.426831722259521484e+00 4.060006141662597656e+00 7.749541997909545898e-01 -6.716487884521484375e+00
-6.717940807342529297e+00 -8.448787689208984375e+00 9.828716278076171875e+00 9.556346535682678223e-01 3.391310453414916992e+00 6.862050294876098633e-01 -3.580948829650878906e+00 -2.943979740142822266e+00 9.254696965217590332e-02 4.664316177368164062e-01
4.399025440216064453e+00 -6.208318710327148438e+00 4.719913959503173828e+00 -3.372820377349853516e+00 9.869267463684082031e+00 1.326095342636108398e+00 1.204635715484619141e+01 -6.364860057830810547e+00 -1.004898071289062500e+01 -7.807555675506591797e+00
-5.265718460083007812e+00 1.463116765022277832e+00 4.088986873626708984e+00 3.631635665893554688e+00 -5.444106578826904297e+00 -5.435362815856933594e+00 -9.530201911926269531e+00 9.993298530578613281e+00 -1.631751656532287598e+00 5.639866590499877930e-01
3.543076515197753906e+00 -7.097545623779296875e+00 1.355096817016601562e+00 -6.864986896514892578e+00 5.314687728881835938e+00 -4.087042510509490967e-01 1.227351665496826172e+01 -3.864543676376342773e+00 -5.609055042266845703e+00 -6.400835514068603516e-01
-6.035040378570556641e+00 1.022846412658691406e+01 1.122099906206130981e-01 -8.017944693565368652e-01 -9.821245074272155762e-01 -5.595453262329101562e+00 -4.765823841094970703e+00 3.138731718063354492e+00 8.251389265060424805e-01 -1.771877050399780273e+00
-3.049292325973510742e+00 -4.542875289916992188e+00 1.863161468505859375e+01 3.590563297271728516e+00 -2.401128530502319336e+00 -2.141206264495849609e+00 -3.089786052703857422e+00 1.296641230583190918e+00 -2.158494710922241211e+00 -5.430540084838867188e+00
1.443577384948730469e+01 -1.453950285911560059e+00 5.314174175262451172e+00 3.634834885597229004e-01 -1.004446506500244141e+01 2.188871383666992188e+00 2.096560478210449219e+00 -3.900993585586547852e+00 -5.377184391021728516e+00 -4.223733901977539062e+00
-3.749160051345825195e+00 -1.034792709350585938e+01 -1.315873980522155762e+00 7.115100026130676270e-01 2.456587791442871094e+00 -5.023674964904785156e-01 -6.942440986633300781e+00 4.712627410888671875e+00 1.399012207984924316e+00 1.107526588439941406e+01
1.589805030822753906e+01 -5.865818023681640625e+00 2.253296613693237305e+00 -3.964392662048339844e+00 -5.688669681549072266e+00 -5.355644226074218750e+00 3.963890671730041504e-01 -5.846445560455322266e+00 -3.454141378402709961e+00 8.692781448364257812e+00
-6.338376522064208984e+00 1.055640316009521484e+01 7.910873889923095703e-01 -1.208344936370849609e+00 2.475186139345169067e-01 -4.452037334442138672e+00 -2.561436176300048828e+00 2.522647380828857422e+00 4.282382130622863770e-01 -5.802622318267822266e+00
-6.258088588714599609e+00 1.088786792755126953e+01 5.772236585617065430e-01 -8.946923613548278809e-01 1.042836308479309082e+00 -5.016833305358886719e+00 -3.603171586990356445e+00 1.742787718772888184e+00 4.933915734291076660e-01 -5.078343391418457031e+00
-7.847593307495117188e+00 6.966369152069091797e+00 -2.843080759048461914e-01 8.712068557739257812e+00 -1.547658324241638184e+00 3.275355815887451172e+00 -8.110888481140136719e+00 -3.649498939514160156e+00 -7.143191099166870117e-01 -2.312103509902954102e-01
6.592032432556152344e+00 -9.444527626037597656e+00 4.371816635131835938e+00 -7.149091720581054688e+00 1.230674552917480469e+01 -3.636988401412963867e+00 2.302322626113891602e+00 -4.498731493949890137e-01 -3.913543462753295898e+00 -3.783569097518920898e+00
-8.402143478393554688e+00 1.132163333892822266e+01 -1.327930331230163574e+00 5.137160420417785645e-01 1.240792870521545410e+00 -4.814840793609619141e+00 4.499805569648742676e-01 -7.273125052452087402e-01 3.350008249282836914e+00 -5.666172027587890625e+00
-8.772978782653808594e+00 4.437360286712646484e+00 4.041814327239990234e+00 1.720665550231933594e+01 -5.708118438720703125e+00 5.538241863250732422e+00 -7.737644195556640625e+00 -1.266102695465087891e+01 3.513336658477783203e+00 -2.558313131332397461e+00
-6.083895206451416016e+00 -3.983789682388305664e+00 1.953476786613464355e+00 7.510886669158935547e+00 -3.730661630630493164e+00 -8.967720270156860352e-01 -5.117861270904541016e+00 -1.065825462341308594e+01 1.471584701538085938e+01 1.528974652290344238e+00
-2.019086599349975586e+00 -5.792205333709716797e+00 4.356084346771240234e+00 -2.541005611419677734e+00 9.655884742736816406e+00 -3.183105468750000000e+00 1.882163524627685547e+00 1.530979990959167480e+00 -5.489173889160156250e+00 7.069983482360839844e-01
-2.832219362258911133e+00 -5.520595550537109375e+00 1.222094440460205078e+01 2.149829387664794922e+00 -6.311146616935729980e-01 -1.913701295852661133e+00 1.174436092376708984e+00 3.281098604202270508e+00 -3.548651456832885742e+00 -7.770208358764648438e+00
-3.165889024734497070e+00 9.694543838500976562e+00 1.393239617347717285e+00 -2.312399148941040039e+00 -2.729640722274780273e+00 -1.594697952270507812e+00 -1.154242515563964844e+00 -1.941426753997802734e+00 1.424364209175109863e+00 -4.264401912689208984e+00
-8.315588951110839844e+00 1.304696679115295410e+00 8.737606048583984375e+00 7.635603427886962891e+00 -1.186619567871093750e+01 -5.866149902343750000e+00 -1.589606189727783203e+01 1.399640178680419922e+01 1.509278535842895508e+00 -1.269608497619628906e+00
-3.770426034927368164e+00 -3.813634395599365234e+00 4.328779697418212891e+00 6.249355792999267578e+00 -1.271385955810546875e+01 -3.264435291290283203e+00 -1.458680820465087891e+01 1.759225654602050781e+01 4.973211586475372314e-01 1.709632754325866699e+00
-6.790322780609130859e+00 -1.195245456695556641e+01 -3.623993635177612305e+00 -7.163366317749023438e+00 1.977205276489257812e+01 6.317923218011856079e-02 -2.065987110137939453e+00 3.118350267410278320e+00 -7.091325521469116211e-01 6.507941246032714844e+00
-8.508434295654296875e+00 -8.654261589050292969e+00 -3.175123929977416992e+00 4.585834980010986328e+00 -2.712501585483551025e-01 1.495305919647216797e+01 -9.007867813110351562e+00 -7.906653285026550293e-01 4.236248016357421875e+00 4.044505596160888672e+00
-8.418312072753906250e+00 1.017701339721679688e+01 -1.481246352195739746e+00 -1.590275764465332031e+00 2.454094409942626953e+00 -4.605782985687255859e+00 -3.204510807991027832e-01 7.532835602760314941e-01 1.063953042030334473e+00 -2.656244516372680664e+00
-8.968354225158691406e+00 1.273940563201904297e+01 -1.074809670448303223e+00 6.855784893035888672e+00 -3.050632476806640625e+00 5.154794692993164062e+00 -3.530138731002807617e-02 -8.681739807128906250e+00 1.382920145988464355e+00 -1.730127334594726562e+00
9.050859451293945312e+00 -1.531774139404296875e+01 6.873157978057861328e+00 -6.821970462799072266e+00 -5.280918598175048828e+00 -7.840466976165771484e+00 2.200335979461669922e+00 -2.974668264389038086e+00 1.299776363372802734e+01 3.837100028991699219e+00
-6.495764255523681641e+00 -3.037128686904907227e+00 -2.011867523193359375e+00 6.660156250000000000e+00 -2.279885053634643555e+00 3.058450698852539062e+00 -4.849375247955322266e+00 -1.168199062347412109e+00 2.161630392074584961e+00 4.691688537597656250e+00
-8.070017814636230469e+00 -6.922662258148193359e+00 -2.397422075271606445e+00 -1.811023831367492676e+00 1.249895572662353516e+01 -5.080422163009643555e-01 -2.917297840118408203e+00 1.659176468849182129e+00 1.749741137027740479e-01 4.973865985870361328e+00
-4.052671909332275391e+00 5.323472976684570312e+00 9.446638226509094238e-01 9.016959190368652344e+00 -6.978178501129150391e+00 6.596077442169189453e+00 -2.665972471237182617e+00 -8.129401206970214844e+00 1.330647349357604980e+00 -3.228033781051635742e+00
-7.367805957794189453e+00 -6.372634410858154297e+00 -6.691050529479980469e+00 1.946718931198120117e+00 6.069690227508544922e+00 -2.824574470520019531e+00 -1.393082332611083984e+01 7.043466567993164062e+00 -8.003443479537963867e-01 1.501584243774414062e+01
-3.355958938598632812e+00 -2.074453115463256836e+00 2.120958566665649414e+00 1.924327969551086426e+00 -4.021368503570556641e+00 -7.047893851995468140e-02 -2.219371795654296875e+00 -3.732363462448120117e+00 9.929075241088867188e+00 3.392637968063354492e-01
-3.065890312194824219e+00 -5.966332435607910156e+00 2.611573040485382080e-02 8.131127953529357910e-01 -1.289842247962951660e+00 4.158459186553955078e+00 2.348133325576782227e+00 -1.041331386566162109e+01 1.226881313323974609e+01 -1.678742170333862305e+00
-1.665694952011108398e+00 -8.083104133605957031e+00 -3.109359145164489746e-01 -3.210814952850341797e+00 7.558167934417724609e+00 2.166516780853271484e+00 1.979799509048461914e+00 -1.103639960289001465e+00 8.029223680496215820e-01 4.405819177627563477e-01
-4.041691303253173828e+00 -2.299321413040161133e+00 2.289510011672973633e+00 -4.370219707489013672e+00 -1.019090533256530762e+00 1.121042251586914062e+00 1.388191509246826172e+01 -6.346400737762451172e+00 1.505599856376647949e+00 -6.555832862854003906e+00
-6.297564983367919922e+00 -5.898934841156005859e+00 1.513934284448623657e-01 -1.688371896743774414e+00 -5.224589824676513672e+00 4.710384845733642578e+00 1.993612289428710938e+00 -5.655292987823486328e+00 1.148480701446533203e+01 4.488864898681640625e+00
-4.760907649993896484e+00 -5.643435001373291016e+00 -2.054576396942138672e+00 3.454587221145629883e+00 -5.333016395568847656e+00 1.217007446289062500e+01 2.296726942062377930e+00 -6.764235973358154297e+00 7.331885814666748047e+00 -1.632705807685852051e+00
-9.220752716064453125e+00 1.828784108161926270e+00 1.043019390106201172e+01 1.818535041809082031e+01 -2.031517219543457031e+01 -2.638221263885498047e+00 -1.457168197631835938e+01 -5.677172541618347168e-01 1.187317085266113281e+01 -3.424651384353637695e+00
-6.399796962738037109e+00 -2.764795541763305664e+00 -9.994810104370117188e+00 3.146668076515197754e-01 3.129369735717773438e+00 1.597049999237060547e+01 -8.537179827690124512e-01 -8.395358085632324219e+00 5.751728057861328125e+00 -1.809922695159912109e+00
-9.659605026245117188e+00 9.240897178649902344e+00 -2.789076805114746094e+00 -8.269056677818298340e-01 2.860023021697998047e+00 -2.260796546936035156e+00 -2.083262443542480469e+00 7.640827298164367676e-01 8.826502561569213867e-01 1.223549127578735352e+00
1.975597190856933594e+01 -6.270395964384078979e-02 4.910990238189697266e+00 -9.389011263847351074e-01 -6.685642242431640625e+00 -3.953678131103515625e+00 6.977568149566650391e+00 -7.071624279022216797e+00 -6.628512382507324219e+00 -5.134747505187988281e+00
-4.632479190826416016e+00 -7.070001363754272461e-01 2.113883733749389648e+00 4.133216381072998047e+00 -1.319885492324829102e+00 -3.464997291564941406e+00 -1.132890224456787109e+00 2.093263864517211914e+00 1.621727347373962402e+00 -2.066125392913818359e+00
-5.612010478973388672e+00 9.759723663330078125e+00 -6.240450739860534668e-01 3.018229722976684570e+00 -1.630055069923400879e+00 -2.528154850006103516e+00 1.245877981185913086e+00 -2.797136068344116211e+00 2.239467382431030273e+00 -5.533793449401855469e+00
1.465009212493896484e+01 -9.360539168119430542e-02 2.614689588546752930e+00 2.727972984313964844e+00 -1.714549446105957031e+01 2.883142948150634766e+00 -2.589515447616577148e+00 -4.915533065795898438e+00 -4.696310997009277344e+00 3.490549802780151367e+00
3.210473537445068359e+00 -1.120664215087890625e+01 4.169438838958740234e+00 -6.166910171508789062e+00 1.442029833793640137e+00 -1.181813240051269531e+00 2.097943878173828125e+01 -7.154010295867919922e+00 -1.102919936180114746e+00 -6.615804672241210938e+00
1.955457115173339844e+01 -6.757847309112548828e+00 6.619919300079345703e+00 1.736789755523204803e-02 -1.631254768371582031e+01 3.117853641510009766e+00 3.497650861740112305e+00 -4.827136993408203125e+00 -1.978928923606872559e+00 -3.078933477401733398e+00
-7.467961311340332031e+00 4.745190143585205078e+00 7.525005936622619629e-01 1.852801322937011719e+01 -6.137584209442138672e+00 8.902674674987792969e+00 -1.162617874145507812e+01 -1.295738315582275391e+01 2.306068897247314453e+00 2.902786970138549805e+00
1.672715568542480469e+01 -5.250078201293945312e+00 7.963255047798156738e-01 -4.467950344085693359e+00 -1.178700733184814453e+01 1.133796691894531250e+00 4.179573059082031250e+00 1.222868561744689941e-01 -1.771605372428894043e+00 -3.549729824066162109e+00
-4.074080944061279297e+00 6.307390689849853516e+00 1.435098934173583984e+01 5.861349582672119141e+00 -1.850659561157226562e+01 -2.540841102600097656e+00 -8.252144813537597656e+00 5.548944950103759766e+00 1.770190715789794922e+00 -6.686409473419189453e+00
2.824447154998779297e+00 -1.959739089012145996e+00 5.895397067070007324e-01 -1.969604015350341797e+00 -1.765781402587890625e+00 2.103668451309204102e+00 9.607621192932128906e+00 -6.763162612915039062e+00 -3.246824443340301514e-01 -4.062340259552001953e+00
-7.502408027648925781e+00 2.723342657089233398e+00 -4.632796764373779297e+00 1.128755378723144531e+01 -1.234781360626220703e+01 2.073829841613769531e+01 -9.587271213531494141e-01 -1.479145336151123047e+01 2.334475278854370117e+00 6.677042961120605469e+00
-5.571547985076904297e+00 8.021142005920410156e+00 4.611204624176025391e+00 1.225115871429443359e+01 -1.219346046447753906e+01 5.919216632843017578e+00 -4.198276042938232422e+00 -4.808231830596923828e+00 1.714382886886596680e+00 -5.781511306762695312e+00
4.556932449340820312e+00 -1.555941820144653320e+00 1.390267968177795410e+00 5.828454494476318359e+00 -1.109218978881835938e+01 -5.310196876525878906e-01 -3.675674915313720703e+00 -2.449888467788696289e+00 8.426395416259765625e+00 -3.086962938308715820e+00
-5.588695526123046875e+00 -3.044921636581420898e+00 -2.205161333084106445e+00 -8.748081326484680176e-01 -5.671188235282897949e-01 5.890468597412109375e+00 1.343705654144287109e+01 -9.036376953125000000e+00 4.027363300323486328e+00 -3.229807376861572266e+00
-3.029456853866577148e+00 -1.184437656402587891e+01 2.687559843063354492e+00 7.567554712295532227e-02 -4.298542499542236328e+00 -3.732982635498046875e+00 -1.461074161529541016e+01 1.709035682678222656e+01 5.523614406585693359e+00 6.679070472717285156e+00
1.303473472595214844e+01 8.231016397476196289e-01 -8.015386462211608887e-01 -1.263444900512695312e+00 -1.180749607086181641e+01 9.972445964813232422e-01 -6.185582160949707031e+00 7.416234612464904785e-01 5.188933610916137695e-01 1.201935648918151855e+00
-2.990492582321166992e+00 -2.035751914978027344e+01 1.893961787223815918e+00 -8.018658638000488281e+00 8.457508087158203125e+00 -1.144531250000000000e+00 1.142051219940185547e+01 -1.572393178939819336e+00 3.123662233352661133e+00 4.433658123016357422e-01
-9.376723289489746094e+00 -7.996372699737548828e+00 -4.282923698425292969e+00 7.497430801391601562e+00 -3.571590423583984375e+00 1.534941101074218750e+01 -9.044896125793457031e+00 5.407844185829162598e-01 3.420715093612670898e+00 2.545660734176635742e+00
-9.427558898925781250e+00 5.093721866607666016e+00 1.140511894226074219e+01 3.642216444015502930e+00 -3.037343740463256836e+00 -9.552489280700683594e+00 -7.438426971435546875e+00 6.213037967681884766e+00 -3.773430287837982178e-01 -3.191883325576782227e+00
-6.045279979705810547e+00 2.620453119277954102e+00 9.018087983131408691e-01 5.533652782440185547e+00 -6.692455768585205078e+00 -2.604824066162109375e+00 -1.324776172637939453e+01 1.293730258941650391e+01 -2.367828488349914551e-01 6.587698459625244141e-01
-7.944478392601013184e-01 -2.531293392181396484e+00 3.192546129226684570e+00 3.327999830245971680e+00 -3.463457822799682617e+00 4.178079068660736084e-01 9.696783423423767090e-01 -8.100840568542480469e+00 1.134486961364746094e+01 -3.839022397994995117e+00
-7.235805034637451172e+00 1.034970188140869141e+01 -1.214524507522583008e+00 8.975057005882263184e-01 6.382769942283630371e-01 -3.989427089691162109e+00 -6.560277342796325684e-01 -7.928548455238342285e-01 1.254383206367492676e+00 -2.866541862487792969e+00
-6.081147193908691406e+00 -1.389218425750732422e+01 -1.616384148597717285e+00 1.321714520454406738e+00 3.896257400512695312e+00 -2.876529693603515625e+00 -1.127360153198242188e+01 4.413372516632080078e+00 5.778905868530273438e+00 1.487412261962890625e+01
1.325679206848144531e+01 -1.320596098899841309e+00 1.898794770240783691e+00 -5.356260776519775391e+00 -1.241892719268798828e+01 3.045508861541748047e+00 -4.803952574729919434e-01 2.191258430480957031e+00 -8.263739347457885742e-01 -6.412087440490722656e+00
5.190547108650207520e-01 -2.117902994155883789e+00 4.795334339141845703e+00 -1.921956658363342285e+00 -1.303631514310836792e-01 -1.548593521118164062e+00 1.259203243255615234e+01 -4.159671306610107422e+00 -4.854301929473876953e+00 -7.843707561492919922e+00
-3.999142885208129883e+00 2.999294549226760864e-02 5.995561182498931885e-02 4.468498706817626953e+00 -4.741381168365478516e+00 9.944483757019042969e+00 2.932662367820739746e-01 -7.211825370788574219e+00 3.629501819610595703e+00 1.621244430541992188e+00
-7.123905658721923828e+00 1.944831013679504395e+00 8.954222679138183594e+00 1.539795112609863281e+01 -1.474347591400146484e+01 3.526126623153686523e+00 -8.810389518737792969e+00 1.690475344657897949e+00 2.052523136138916016e+00 -5.738853454589843750e+00
1.663026332855224609e+00 -8.243483543395996094e+00 -1.606091111898422241e-01 -2.398680448532104492e+00 1.392465472221374512e+00 -2.376000404357910156e+00 -1.988770008087158203e+00 2.166957378387451172e+00 -6.418708562850952148e-01 9.219760894775390625e+00
-3.693853616714477539e+00 6.790609836578369141e+00 7.443270683288574219e+00 1.205941390991210938e+01 -1.519129276275634766e+01 4.872849464416503906e+00 -6.393568992614746094e+00 -4.647279262542724609e+00 2.648652076721191406e+00 -5.978069305419921875e+00
-1.041744828224182129e+00 -8.935559272766113281e+00 1.520527553558349609e+01 2.294295787811279297e+00 2.388791322708129883e+00 -1.509434938430786133e+00 4.090132236480712891e+00 -2.529408335685729980e-01 -7.434466838836669922e+00 -8.927123069763183594e+00
9.238695144653320312e+00 -8.259737014770507812e+00 1.491135954856872559e+00 -2.042412281036376953e+00 -8.472523689270019531e+00 4.781053543090820312e+00 -6.258517265319824219e+00 1.341208338737487793e+00 5.537896156311035156e-01 5.229782581329345703e+00
1.784717178344726562e+01 -1.162012386322021484e+01 6.690730571746826172e+00 -4.015187621116638184e-01 -4.484400272369384766e+00 -5.907966613769531250e+00 4.038050651550292969e+00 -7.460700035095214844e+00 1.374749302864074707e+00 -3.023097515106201172e-01
1.578819274902343750e+01 -5.267890453338623047e+00 3.843464612960815430e+00 -5.105626106262207031e+00 -4.621226787567138672e+00 -1.429508924484252930e+00 4.327485084533691406e+00 -3.958061933517456055e+00 -6.989637851715087891e+00 5.071031570434570312e+00
-5.230930328369140625e+00 -7.381122589111328125e+00 1.512852549552917480e+00 8.430399894714355469e+00 -1.092155933380126953e+01 3.734252452850341797e+00 -9.230647087097167969e+00 -4.378808021545410156e+00 1.879806518554687500e+01 -8.021256923675537109e-01
-1.216002345085144043e+00 -1.194446182250976562e+01 1.338548564910888672e+01 3.041002750396728516e+00 -6.307879924774169922e+00 -5.979927062988281250e+00 -6.535000205039978027e-01 8.130277633666992188e+00 9.836426377296447754e-02 -3.049177169799804688e+00
-5.320784449577331543e-01 2.213434934616088867e+00 2.049570828676223755e-01 1.695409655570983887e+00 -1.104307770729064941e+00 -1.063237413763999939e-01 7.739021301269531250e+00 -5.014262199401855469e+00 2.240245103836059570e+00 -7.208325386047363281e+00
-6.081164836883544922e+00 1.034473609924316406e+01 -1.814056277275085449e+00 -1.192044496536254883e+00 1.047097086906433105e+00 -5.486219882965087891e+00 -6.811782836914062500e+00 4.847288131713867188e+00 -1.245320677757263184e+00 5.858988761901855469e-01
-7.746681571006774902e-01 -8.461606025695800781e+00 1.653950691223144531e+00 -2.143383502960205078e+00 1.124100971221923828e+01 -3.207141399383544922e+00 2.143414735794067383e+00 3.983376622200012207e-01 -4.107128620147705078e+00 2.504680395126342773e+00
-4.781202793121337891e+00 3.172410726547241211e+00 1.238050842285156250e+01 2.379442691802978516e+00 -8.022144317626953125e+00 -1.999427795410156250e+00 -4.929861545562744141e+00 -2.742178916931152344e+00 1.934322476387023926e+00 -2.979549646377563477e+00
1.392019462585449219e+01 -6.914481639862060547e+00 3.819131851196289062e+00 -3.133871555328369141e+00 -6.032430171966552734e+00 7.838293313980102539e-01 2.307484149932861328e+00 -6.637994647026062012e-01 -2.923855781555175781e+00 -1.969316005706787109e-01
1.280266952514648438e+01 -9.566349983215332031e+00 5.169473171234130859e+00 -4.847308993339538574e-01 5.165485143661499023e-01 -3.291671514511108398e+00 6.399565696716308594e+00 -3.743526220321655273e+00 -1.760967850685119629e+00 -6.069126129150390625e+00
-7.185360431671142578e+00 5.013648986816406250e+00 4.170064449310302734e+00 1.882673740386962891e+00 -9.679500579833984375e+00 -2.250906467437744141e+00 -8.095880508422851562e+00 6.585678577423095703e+00 1.269516110420227051e+00 2.242512702941894531e-01
-2.503740191459655762e-01 -8.574904441833496094e+00 -5.580563545227050781e+00 -3.572117328643798828e+00 -5.229069590568542480e-01 1.225155448913574219e+01 -7.177985668182373047e+00 3.151525497436523438e+00 3.776504278182983398e+00 2.498229742050170898e+00
5.734460353851318359e+00 -2.274383783340454102e+00 1.902212524414062500e+01 1.018631553649902344e+01 -1.639356803894042969e+01 -1.708848834037780762e+00 -8.916817665100097656e+00 -4.941300868988037109e+00 -3.477934837341308594e+00 -2.016675233840942383e+00
-5.132239818572998047e+00 -3.096007585525512695e+00 -4.308000087738037109e+00 9.456732749938964844e+00 -9.779338836669921875e+00 1.728375244140625000e+01 -3.595912694931030273e+00 -5.669612407684326172e+00 -8.991131186485290527e-02 1.611640691757202148e+00
-4.636984348297119141e+00 -5.255278110504150391e+00 1.646580100059509277e+00 1.413191699981689453e+01 -1.763978838920593262e+00 -1.727481186389923096e-01 -6.951444149017333984e+00 6.281369686126708984e+00 -1.589396893978118896e-01 -3.336759805679321289e+00
-2.704113245010375977e+00 -5.122807979583740234e+00 -5.292006015777587891e+00 3.981059312820434570e+00 -1.144810581207275391e+01 2.064063262939453125e+01 -3.514574050903320312e+00 -6.857883453369140625e+00 1.578144550323486328e+00 5.886458396911621094e+00
-2.995572328567504883e+00 9.400058984756469727e-01 3.272660493850708008e+00 1.610747528076171875e+01 -1.431978511810302734e+01 1.349626636505126953e+01 -9.980628013610839844e+00 -1.469199848175048828e+01 2.657011747360229492e+00 4.838245391845703125e+00
-8.101581037044525146e-02 -1.825907349586486816e+00 -4.652802944183349609e+00 -1.415635585784912109e+00 -7.424617290496826172e+00 1.169414043426513672e+01 -1.394466638565063477e+00 -4.237741947174072266e+00 5.355837821960449219e+00 -3.337024450302124023e+00
-7.390738964080810547e+00 -2.137209892272949219e+00 -6.982960700988769531e+00 8.188906311988830566e-01 5.707885265350341797e+00 1.296972855925559998e-03 -1.330051994323730469e+01 2.347151517868041992e+00 2.515217661857604980e-02 1.510616588592529297e+01
2.219113826751708984e+00 -5.680129528045654297e+00 1.585275173187255859e+00 2.493400573730468750e+00 -1.215675067901611328e+01 -7.125431895256042480e-01 -2.340002536773681641e+00 -6.954034328460693359e+00 1.559446048736572266e+01 1.422899365425109863e+00
6.179162979125976562e+00 -7.721330165863037109e+00 2.123729467391967773e+00 3.590145707130432129e-01 -8.513711094856262207e-01 6.034694194793701172e+00 1.308588266372680664e+00 -6.537029147148132324e-01 -1.622766852378845215e+00 -8.534745216369628906e+00
7.564144730567932129e-01 -2.732768297195434570e+00 9.740902900695800781e+00 1.000221848487854004e+00 -5.998434424400329590e-01 -6.877066612243652344e+00 5.872913360595703125e+00 -4.976952075958251953e+00 7.992219924926757812e-01 -9.208507537841796875e+00
2.533615827560424805e+00 -6.629650592803955078e+00 -9.156000018119812012e-01 -5.374138355255126953e+00 -1.992714524269104004e+00 -1.539847135543823242e+00 1.816724014282226562e+01 -6.466990470886230469e+00 1.271344184875488281e+00 -8.576638221740722656e+00
-3.588114023208618164e+00 -8.046493530273437500e-01 6.573372483253479004e-01 -5.264151573181152344e+00 1.019739246368408203e+01 -1.118585705757141113e+00 1.273321390151977539e+00 -1.159319281578063965e+00 -9.038623571395874023e-01 -1.155678510665893555e+00
-4.465915203094482422e+00 1.077709865570068359e+01 -3.392478942871093750e+00 9.949523210525512695e-02 -8.510843515396118164e-01 -5.019743442535400391e+00 -5.287130355834960938e+00 3.490631341934204102e+00 3.700385689735412598e-01 -2.928816556930541992e+00
5.691241621971130371e-01 -4.981377124786376953e+00 2.990449428558349609e+00 3.456773042678833008e+00 -1.091115283966064453e+01 -2.664267301559448242e+00 -1.331579113006591797e+01 1.677567863464355469e+01 2.553194761276245117e-01 3.411777734756469727e+00
-7.168492794036865234e+00 -3.110992670059204102e+00 5.195393085479736328e+00 3.122278690338134766e+00 -5.159850597381591797e+00 -4.718367099761962891e+00 -6.419303894042968750e+00 3.692254304885864258e+00 7.266470909118652344e+00 2.169044733047485352e+00
1.633470535278320312e+01 -5.204426288604736328e+00 4.570913791656494141e+00 -1.409600734710693359e+00 -1.176802158355712891e+01 2.622911453247070312e+00 1.988731861114501953e+00 -2.987605810165405273e+00 -7.335987567901611328e+00 2.665709257125854492e+00
-4.921734809875488281e+00 1.087634205818176270e+00 -2.682874917984008789e+00 2.165334939956665039e+00 -3.423187732696533203e+00 4.726891219615936279e-01 -1.390303611755371094e+01 8.704024314880371094e+00 -6.557371616363525391e-01 8.626018524169921875e+00
