-5.613601952791213989e-02
4.821929708123207092e-02
-4.081631079316139221e-02
5.900511518120765686e-02
4.849779978394508362e-02
6.260927766561508179e-02
-1.181315258145332336e-02
2.003551460802555084e-02
-1.111279148608446121e-02
4.708926007151603699e-02
-4.227593168616294861e-02
-1.018768176436424255e-03
-1.128823962062597275e-03
-4.298391565680503845e-02
-6.263101473450660706e-03
-1.918321289122104645e-02
2.627878449857234955e-02
4.343865811824798584e-02
5.259373784065246582e-02
3.408301621675491333e-02
8.318336308002471924e-02
5.113535001873970032e-02
-1.403457392007112503e-02
1.796290092170238495e-02
5.688917636871337891e-02
6.438297778367996216e-02
-2.086713910102844238e-02
5.599572136998176575e-02
-1.451842859387397766e-02
4.661764577031135559e-02
6.467453390359878540e-02
-1.009226217865943909e-02
4.643445089459419250e-02
-6.407625228166580200e-02
2.992499619722366333e-02
-5.255382135510444641e-02
-1.081688678823411465e-03
-4.965958744287490845e-02
-4.362716898322105408e-02
-4.038159176707267761e-02
-2.359206043183803558e-02
-4.706504940986633301e-02
-1.899176090955734253e-02
1.591688953340053558e-02
7.787176873534917831e-03
-1.261813938617706299e-02
-7.057765871286392212e-02
-2.717518992722034454e-02
-4.649760201573371887e-03
3.721820563077926636e-02
-2.162624336779117584e-02
7.171955704689025879e-02
7.015670090913772583e-02
-1.948680728673934937e-02
5.390134453773498535e-02
-2.380528673529624939e-02
1.817066036164760590e-02
-2.217292785644531250e-02
-4.170604422688484192e-02
4.509977251291275024e-02
-2.145492099225521088e-02
-1.072899997234344482e-02
9.750762023031711578e-03
3.194839879870414734e-02
1.373204216361045837e-02
-1.418063184246420860e-03
8.342837914824485779e-03
3.162211179733276367e-02
7.013746351003646851e-02
-1.257059723138809204e-02
5.206676200032234192e-02
-2.031024545431137085e-02
-4.648030549287796021e-02
5.604771897196769714e-03
5.409511551260948181e-02
2.789826877415180206e-02
-3.677662089467048645e-02
2.059359103441238403e-02
-6.658368743956089020e-03
2.021777909249067307e-03
4.753053560853004456e-02
5.367901921272277832e-02
1.917189452797174454e-03
-1.799939014017581940e-02
-9.756261482834815979e-03
3.948071599006652832e-02
3.330139443278312683e-02
7.662965357303619385e-02
4.612417519092559814e-02
-5.606785044074058533e-02
2.999470941722393036e-02
2.720832638442516327e-02
-7.735967170447111130e-03
9.945278055965900421e-03
-4.273432772606611252e-03
7.474563084542751312e-03
6.100836023688316345e-02
3.159551322460174561e-02
-2.710307389497756958e-02
-4.119588807225227356e-02
