0.000000000000000000e+00 0.000000000000000000e+00 0.000000000000000000e+00 0.000000000000000000e+00 0.000000000000000000e+00 0.000000000000000000e+00 0.000000000000000000e+00 0.000000000000000000e+00 4.680871963500976562e-01 8.805307388305664062e+00
4.827156662940979004e-01 1.396625787019729614e-01 0.000000000000000000e+00 1.678762626647949219e+01 0.000000000000000000e+00 9.104201316833496094e+00 0.000000000000000000e+00 0.000000000000000000e+00 4.255587577819824219e+00 7.045040130615234375e+00
2.930285215377807617e+00 3.947646617889404297e+00 2.206618070602416992e+00 5.289269924163818359e+00 0.000000000000000000e+00 0.000000000000000000e+00 0.000000000000000000e+00 1.760103797912597656e+01 2.202928781509399414e+00 7.154965877532958984e+00
4.565717220306396484e+00 0.000000000000000000e+00 0.000000000000000000e+00 0.000000000000000000e+00 0.000000000000000000e+00 3.097170114517211914e+00 0.000000000000000000e+00 1.893888664245605469e+01 0.000000000000000000e+00 8.041921615600585938e+00
0.000000000000000000e+00 0.000000000000000000e+00 0.000000000000000000e+00 0.000000000000000000e+00 0.000000000000000000e+00 0.000000000000000000e+00 0.000000000000000000e+00 0.000000000000000000e+00 0.000000000000000000e+00 1.145785140991210938e+01
1.512162685394287109e+01 0.000000000000000000e+00 0.000000000000000000e+00 0.000000000000000000e+00 0.000000000000000000e+00 2.585602283477783203e+00 3.471470117568969727e+00 2.573951244354248047e+00 1.357496738433837891e+00 4.111108779907226562e-01
0.000000000000000000e+00 0.000000000000000000e+00 0.000000000000000000e+00 0.000000000000000000e+00 0.000000000000000000e+00 0.000000000000000000e+00 1.095351123809814453e+01 0.000000000000000000e+00 0.000000000000000000e+00 0.000000000000000000e+00
0.000000000000000000e+00 0.000000000000000000e+00 2.092959594726562500e+01 4.306087970733642578e+00 0.000000000000000000e+00 0.000000000000000000e+00 0.000000000000000000e+00 3.052194118499755859e+00 0.000000000000000000e+00 0.000000000000000000e+00
2.799821376800537109e+00 2.170331478118896484e+00 2.235783195495605469e+01 1.091136550903320312e+01 0.000000000000000000e+00 0.000000000000000000e+00 0.000000000000000000e+00 2.918493747711181641e+00 1.350253677368164062e+01 0.000000000000000000e+00
0.000000000000000000e+00 1.274528312683105469e+01 0.000000000000000000e+00 0.000000000000000000e+00 0.000000000000000000e+00 0.000000000000000000e+00 0.000000000000000000e+00 0.000000000000000000e+00 2.543286085128784180e-01 0.000000000000000000e+00
0.000000000000000000e+00 0.000000000000000000e+00 0.000000000000000000e+00 7.741819858551025391e+00 0.000000000000000000e+00 2.314778089523315430e+00 0.000000000000000000e+00 0.000000000000000000e+00 4.386245727539062500e+00 1.144947814941406250e+01
0.000000000000000000e+00 0.000000000000000000e+00 0.000000000000000000e+00 0.000000000000000000e+00 0.000000000000000000e+00 0.000000000000000000e+00 0.000000000000000000e+00 0.000000000000000000e+00 0.000000000000000000e+00 0.000000000000000000e+00
4.422279357910156250e+00 0.000000000000000000e+00 0.000000000000000000e+00 0.000000000000000000e+00 0.000000000000000000e+00 3.744258642196655273e+00 2.167135810852050781e+01 0.000000000000000000e+00 5.996813774108886719e+00 0.000000000000000000e+00
0.000000000000000000e+00 0.000000000000000000e+00 0.000000000000000000e+00 9.986568450927734375e+00 0.000000000000000000e+00 2.358302116394042969e+01 0.000000000000000000e+00 0.000000000000000000e+00 7.562559127807617188e+00 9.912431716918945312e+00
1.508939933776855469e+01 9.955193400382995605e-01 0.000000000000000000e+00 0.000000000000000000e+00 0.000000000000000000e+00 1.012998700141906738e+00 1.428986549377441406e+00 2.953387737274169922e+00 2.577577114105224609e+00 0.000000000000000000e+00
0.000000000000000000e+00 0.000000000000000000e+00 0.000000000000000000e+00 0.000000000000000000e+00 0.000000000000000000e+00 7.779413461685180664e-01 0.000000000000000000e+00 0.000000000000000000e+00 2.744323015213012695e-01 1.036736869812011719e+01
0.000000000000000000e+00 0.000000000000000000e+00 0.000000000000000000e+00 0.000000000000000000e+00 0.000000000000000000e+00 0.000000000000000000e+00 0.000000000000000000e+00 0.000000000000000000e+00 0.000000000000000000e+00 0.000000000000000000e+00
1.253069043159484863e-01 1.075962662696838379e+00 2.097224235534667969e+00 1.268950700759887695e+00 0.000000000000000000e+00 4.144621491432189941e-01 0.000000000000000000e+00 1.010483837127685547e+01 2.003314733505249023e+00 3.718675851821899414e+00
1.234498143196105957e+00 3.415152788162231445e+00 2.458869361877441406e+01 5.681210517883300781e+00 0.000000000000000000e+00 0.000000000000000000e+00 0.000000000000000000e+00 3.701110363006591797e+00 7.922042846679687500e+00 0.000000000000000000e+00
0.000000000000000000e+00 1.344675254821777344e+01 0.000000000000000000e+00 0.000000000000000000e+00 0.000000000000000000e+00 0.000000000000000000e+00 0.000000000000000000e+00 4.454973936080932617e-01 6.467304229736328125e-01 0.000000000000000000e+00
0.000000000000000000e+00 9.174844741821289062e+00 0.000000000000000000e+00 0.000000000000000000e+00 0.000000000000000000e+00 0.000000000000000000e+00 0.000000000000000000e+00 3.334540724754333496e-01 0.000000000000000000e+00 0.000000000000000000e+00
0.000000000000000000e+00 0.000000000000000000e+00 1.869404792785644531e+00 1.245387172698974609e+01 0.000000000000000000e+00 0.000000000000000000e+00 0.000000000000000000e+00 0.000000000000000000e+00 9.511812210083007812e+00 2.948066711425781250e+00
0.000000000000000000e+00 0.000000000000000000e+00 0.000000000000000000e+00 0.000000000000000000e+00 0.000000000000000000e+00 0.000000000000000000e+00 0.000000000000000000e+00 0.000000000000000000e+00 0.000000000000000000e+00 0.000000000000000000e+00
1.463011741638183594e+01 0.000000000000000000e+00 1.207204341888427734e+00 0.000000000000000000e+00 0.000000000000000000e+00 0.000000000000000000e+00 1.300439476966857910e+00 0.000000000000000000e+00 1.560017347335815430e+00 3.318505287170410156e+00
6.964097619056701660e-01 0.000000000000000000e+00 3.334357500076293945e+00 0.000000000000000000e+00 0.000000000000000000e+00 0.000000000000000000e+00 0.000000000000000000e+00 0.000000000000000000e+00 0.000000000000000000e+00 0.000000000000000000e+00
0.000000000000000000e+00 4.118401408195495605e-01 0.000000000000000000e+00 2.674566078186035156e+01 0.000000000000000000e+00 9.436408996582031250e+00 0.000000000000000000e+00 5.911007523536682129e-03 1.248673057556152344e+01 7.631907939910888672e+00
0.000000000000000000e+00 1.834021687507629395e+00 8.020586967468261719e+00 5.380158901214599609e+00 0.000000000000000000e+00 0.000000000000000000e+00 0.000000000000000000e+00 1.725630760192871094e+01 3.802097320556640625e+00 0.000000000000000000e+00
0.000000000000000000e+00 0.000000000000000000e+00 1.260767459869384766e+00 2.039813804626464844e+01 0.000000000000000000e+00 6.581724166870117188e+00 0.000000000000000000e+00 1.277670979499816895e+00 3.600484132766723633e+00 4.850523471832275391e+00
0.000000000000000000e+00 0.000000000000000000e+00 0.000000000000000000e+00 8.708727836608886719e+00 0.000000000000000000e+00 2.010749244689941406e+01 0.000000000000000000e+00 0.000000000000000000e+00 5.682881355285644531e+00 1.068869876861572266e+01
0.000000000000000000e+00 0.000000000000000000e+00 0.000000000000000000e+00 1.885305213928222656e+01 0.000000000000000000e+00 3.724645853042602539e+00 0.000000000000000000e+00 0.000000000000000000e+00 9.408855438232421875e+00 7.666347026824951172e+00
2.375827550888061523e+00 1.257350349426269531e+01 2.930153083801269531e+01 1.011568546295166016e+01 0.000000000000000000e+00 0.000000000000000000e+00 0.000000000000000000e+00 1.615527534484863281e+01 3.103527069091796875e+00 2.169538259506225586e+00
2.502751350402832031e+00 0.000000000000000000e+00 0.000000000000000000e+00 0.000000000000000000e+00 0.000000000000000000e+00 2.373181104660034180e+00 0.000000000000000000e+00 0.000000000000000000e+00 1.038284587860107422e+01 3.219201087951660156e+00
0.000000000000000000e+00 0.000000000000000000e+00 0.000000000000000000e+00 0.000000000000000000e+00 0.000000000000000000e+00 0.000000000000000000e+00 0.000000000000000000e+00 0.000000000000000000e+00 1.168876457214355469e+01 0.000000000000000000e+00
0.000000000000000000e+00 1.282504081726074219e+01 0.000000000000000000e+00 0.000000000000000000e+00 0.000000000000000000e+00 0.000000000000000000e+00 0.000000000000000000e+00 3.679782390594482422e+00 0.000000000000000000e+00 0.000000000000000000e+00
1.784144401550292969e+01 2.143469303846359253e-01 2.351498126983642578e+00 0.000000000000000000e+00 0.000000000000000000e+00 0.000000000000000000e+00 9.549535512924194336e-01 4.049612283706665039e-01 2.978004455566406250e+00 9.602811932563781738e-01
0.000000000000000000e+00 0.000000000000000000e+00 0.000000000000000000e+00 0.000000000000000000e+00 0.000000000000000000e+00 6.583427429199218750e+00 1.697723960876464844e+01 0.000000000000000000e+00 5.120634078979492188e+00 0.000000000000000000e+00
0.000000000000000000e+00 0.000000000000000000e+00 0.000000000000000000e+00 0.000000000000000000e+00 0.000000000000000000e+00 0.000000000000000000e+00 0.000000000000000000e+00 0.000000000000000000e+00 0.000000000000000000e+00 6.625994682312011719e+00
4.126307964324951172e+00 7.351201176643371582e-01 5.127233028411865234e+00 6.291389942169189453e+00 0.000000000000000000e+00 5.574777603149414062e+00 0.000000000000000000e+00 2.061114692687988281e+01 5.671552419662475586e-01 6.733834266662597656e+00
0.000000000000000000e+00 9.639571189880371094e+00 2.517024803161621094e+01 3.816976547241210938e+00 0.000000000000000000e+00 0.000000000000000000e+00 0.000000000000000000e+00 5.706784248352050781e+00 2.389518260955810547e+00 0.000000000000000000e+00
0.000000000000000000e+00 0.000000000000000000e+00 1.375790119171142578e+00 2.157195091247558594e+01 0.000000000000000000e+00 7.927524566650390625e+00 0.000000000000000000e+00 2.599457263946533203e+00 6.992406845092773438e+00 1.062873649597167969e+01
2.542485952377319336e+00 1.443161606788635254e+00 3.488461971282958984e+00 9.681302070617675781e+00 0.000000000000000000e+00 2.787704229354858398e+00 0.000000000000000000e+00 2.095942878723144531e+01 3.617714643478393555e+00 9.168783187866210938e+00
0.000000000000000000e+00 0.000000000000000000e+00 0.000000000000000000e+00 9.352771759033203125e+00 0.000000000000000000e+00 2.332294654846191406e+01 0.000000000000000000e+00 0.000000000000000000e+00 1.027694797515869141e+01 6.888009071350097656e+00
2.304698944091796875e+01 0.000000000000000000e+00 3.032649517059326172e+00 0.000000000000000000e+00 0.000000000000000000e+00 0.000000000000000000e+00 9.874742507934570312e+00 0.000000000000000000e+00 2.285220384597778320e+00 0.000000000000000000e+00
0.000000000000000000e+00 0.000000000000000000e+00 0.000000000000000000e+00 0.000000000000000000e+00 0.000000000000000000e+00 0.000000000000000000e+00 0.000000000000000000e+00 0.000000000000000000e+00 1.597285032272338867e+00 1.077737617492675781e+01
2.421547889709472656e+00 0.000000000000000000e+00 3.156802952289581299e-01 0.000000000000000000e+00 0.000000000000000000e+00 7.624738216400146484e-01 9.412331581115722656e+00 0.000000000000000000e+00 8.606003224849700928e-02 0.000000000000000000e+00
0.000000000000000000e+00 0.000000000000000000e+00 0.000000000000000000e+00 0.000000000000000000e+00 0.000000000000000000e+00 6.172261834144592285e-01 0.000000000000000000e+00 0.000000000000000000e+00 0.000000000000000000e+00 9.854850769042968750e+00
0.000000000000000000e+00 0.000000000000000000e+00 0.000000000000000000e+00 1.121162509918212891e+01 0.000000000000000000e+00 2.891305160522460938e+01 2.326586484909057617e+00 0.000000000000000000e+00 9.382519721984863281e+00 1.274186134338378906e+01
1.846569061279296875e+01 0.000000000000000000e+00 0.000000000000000000e+00 0.000000000000000000e+00 0.000000000000000000e+00 1.542415022850036621e+00 4.168836116790771484e+00 0.000000000000000000e+00 1.719189405441284180e+00 1.409608244895935059e+00
0.000000000000000000e+00 0.000000000000000000e+00 0.000000000000000000e+00 0.000000000000000000e+00 0.000000000000000000e+00 0.000000000000000000e+00 0.000000000000000000e+00 0.000000000000000000e+00 0.000000000000000000e+00 0.000000000000000000e+00
0.000000000000000000e+00 0.000000000000000000e+00 0.000000000000000000e+00 0.000000000000000000e+00 0.000000000000000000e+00 0.000000000000000000e+00 0.000000000000000000e+00 0.000000000000000000e+00 1.240216612815856934e+00 1.077399063110351562e+01
0.000000000000000000e+00 0.000000000000000000e+00 3.942162990570068359e+00 2.175613594055175781e+01 0.000000000000000000e+00 3.795563697814941406e+00 0.000000000000000000e+00 7.010105133056640625e+00 8.010113716125488281e+00 1.162526702880859375e+01
0.000000000000000000e+00 0.000000000000000000e+00 0.000000000000000000e+00 0.000000000000000000e+00 0.000000000000000000e+00 0.000000000000000000e+00 0.000000000000000000e+00 0.000000000000000000e+00 0.000000000000000000e+00 0.000000000000000000e+00
3.953167796134948730e-01 0.000000000000000000e+00 0.000000000000000000e+00 0.000000000000000000e+00 0.000000000000000000e+00 1.752241492271423340e+00 1.455628681182861328e+01 0.000000000000000000e+00 3.177040100097656250e+00 0.000000000000000000e+00
6.258855342864990234e+00 8.348934173583984375e+00 1.941031646728515625e+01 8.076699256896972656e+00 0.000000000000000000e+00 5.885399818420410156e+00 0.000000000000000000e+00 1.255082416534423828e+01 4.224096775054931641e+00 4.651836395263671875e+00
0.000000000000000000e+00 0.000000000000000000e+00 0.000000000000000000e+00 1.464583754539489746e+00 0.000000000000000000e+00 3.453945219516754150e-01 0.000000000000000000e+00 0.000000000000000000e+00 1.513825416564941406e+01 1.019260525703430176e+00
1.363276958465576172e+00 0.000000000000000000e+00 0.000000000000000000e+00 1.724496722221374512e+00 0.000000000000000000e+00 4.354795932769775391e+00 1.716746711730957031e+01 0.000000000000000000e+00 3.499520778656005859e+00 0.000000000000000000e+00
0.000000000000000000e+00 0.000000000000000000e+00 0.000000000000000000e+00 0.000000000000000000e+00 0.000000000000000000e+00 2.416049987077713013e-01 0.000000000000000000e+00 0.000000000000000000e+00 8.048593521118164062e+00 1.156347632408142090e+00
0.000000000000000000e+00 0.000000000000000000e+00 0.000000000000000000e+00 0.000000000000000000e+00 0.000000000000000000e+00 0.000000000000000000e+00 0.000000000000000000e+00 0.000000000000000000e+00 0.000000000000000000e+00 0.000000000000000000e+00
0.000000000000000000e+00 0.000000000000000000e+00 2.184526062011718750e+01 2.678581714630126953e+00 0.000000000000000000e+00 0.000000000000000000e+00 0.000000000000000000e+00 7.849583625793457031e-01 3.111040115356445312e+00 0.000000000000000000e+00
0.000000000000000000e+00 0.000000000000000000e+00 0.000000000000000000e+00 0.000000000000000000e+00 0.000000000000000000e+00 0.000000000000000000e+00 0.000000000000000000e+00 0.000000000000000000e+00 0.000000000000000000e+00 1.143957042694091797e+01
1.892088317871093750e+01 0.000000000000000000e+00 7.439270019531250000e-01 0.000000000000000000e+00 0.000000000000000000e+00 0.000000000000000000e+00 5.581897258758544922e+00 0.000000000000000000e+00 4.458919525146484375e+00 0.000000000000000000e+00
0.000000000000000000e+00 1.275660228729248047e+01 0.000000000000000000e+00 0.000000000000000000e+00 0.000000000000000000e+00 0.000000000000000000e+00 0.000000000000000000e+00 4.339557886123657227e-01 0.000000000000000000e+00 0.000000000000000000e+00
0.000000000000000000e+00 0.000000000000000000e+00 0.000000000000000000e+00 0.000000000000000000e+00 0.000000000000000000e+00 0.000000000000000000e+00 0.000000000000000000e+00 0.000000000000000000e+00 0.000000000000000000e+00 0.000000000000000000e+00
0.000000000000000000e+00 0.000000000000000000e+00 0.000000000000000000e+00 1.059091186523437500e+01 0.000000000000000000e+00 2.253989219665527344e+01 0.000000000000000000e+00 0.000000000000000000e+00 5.208624839782714844e+00 9.624467849731445312e+00
0.000000000000000000e+00 1.135098338127136230e+00 2.283044433593750000e+01 0.000000000000000000e+00 0.000000000000000000e+00 0.000000000000000000e+00 0.000000000000000000e+00 0.000000000000000000e+00 1.830262392759323120e-01 0.000000000000000000e+00
1.903431892395019531e+01 0.000000000000000000e+00 3.291103601455688477e+00 0.000000000000000000e+00 0.000000000000000000e+00 0.000000000000000000e+00 5.073638439178466797e+00 0.000000000000000000e+00 6.772387027740478516e-01 2.898209333419799805e+00
1.730679273605346680e+00 1.115192055702209473e+00 4.788753986358642578e+00 6.141014099121093750e+00 0.000000000000000000e+00 3.309902429580688477e+00 0.000000000000000000e+00 1.991827011108398438e+01 2.516326427459716797e+00 6.540492534637451172e+00
2.015266799926757812e+01 0.000000000000000000e+00 1.071275711059570312e+00 0.000000000000000000e+00 0.000000000000000000e+00 0.000000000000000000e+00 3.427263975143432617e+00 0.000000000000000000e+00 1.309327840805053711e+00 4.325295448303222656e+00
4.794291406869888306e-02 0.000000000000000000e+00 0.000000000000000000e+00 0.000000000000000000e+00 0.000000000000000000e+00 0.000000000000000000e+00 0.000000000000000000e+00 0.000000000000000000e+00 1.351055431365966797e+01 1.547074913978576660e-01
0.000000000000000000e+00 0.000000000000000000e+00 0.000000000000000000e+00 1.416885566711425781e+01 0.000000000000000000e+00 2.300669288635253906e+01 5.656804144382476807e-02 0.000000000000000000e+00 1.122208881378173828e+01 1.126839733123779297e+01
1.140190437436103821e-01 0.000000000000000000e+00 3.949688971042633057e-01 0.000000000000000000e+00 0.000000000000000000e+00 0.000000000000000000e+00 0.000000000000000000e+00 0.000000000000000000e+00 1.048583793640136719e+01 0.000000000000000000e+00
4.541246891021728516e+00 1.372415781021118164e+00 5.755367279052734375e-01 8.322791099548339844e+00 0.000000000000000000e+00 5.083023548126220703e+00 0.000000000000000000e+00 2.074687576293945312e+01 5.924440860748291016e+00 7.374926090240478516e+00
4.216415882110595703e+00 3.477614879608154297e+00 2.980986595153808594e+00 1.050648307800292969e+01 0.000000000000000000e+00 0.000000000000000000e+00 0.000000000000000000e+00 2.185133171081542969e+01 6.000030517578125000e+00 5.112910747528076172e+00
0.000000000000000000e+00 0.000000000000000000e+00 0.000000000000000000e+00 0.000000000000000000e+00 0.000000000000000000e+00 0.000000000000000000e+00 0.000000000000000000e+00 0.000000000000000000e+00 0.000000000000000000e+00 0.000000000000000000e+00
0.000000000000000000e+00 0.000000000000000000e+00 0.000000000000000000e+00 0.000000000000000000e+00 0.000000000000000000e+00 0.000000000000000000e+00 1.226806545257568359e+01 0.000000000000000000e+00 3.555315017700195312e+00 0.000000000000000000e+00
0.000000000000000000e+00 0.000000000000000000e+00 0.000000000000000000e+00 0.000000000000000000e+00 0.000000000000000000e+00 4.957060813903808594e+00 1.920990562438964844e+01 0.000000000000000000e+00 3.778099060058593750e+00 0.000000000000000000e+00
3.713501930236816406e+00 7.951042652130126953e+00 2.216730117797851562e+01 7.022963047027587891e+00 0.000000000000000000e+00 0.000000000000000000e+00 0.000000000000000000e+00 6.708356857299804688e+00 4.099859237670898438e+00 1.467239022254943848e+00
3.206305980682373047e+00 4.924026012420654297e+00 5.715456485748291016e+00 9.838754653930664062e+00 0.000000000000000000e+00 1.553354382514953613e+00 0.000000000000000000e+00 2.036625671386718750e+01 4.565788269042968750e+00 7.843190670013427734e+00
1.755864334106445312e+01 0.000000000000000000e+00 4.197383403778076172e+00 3.829771995544433594e+00 0.000000000000000000e+00 4.066124916076660156e+00 5.481344699859619141e+00 0.000000000000000000e+00 1.919713258743286133e+00 4.921415805816650391e+00
0.000000000000000000e+00 0.000000000000000000e+00 0.000000000000000000e+00 0.000000000000000000e+00 0.000000000000000000e+00 0.000000000000000000e+00 0.000000000000000000e+00 0.000000000000000000e+00 6.429444551467895508e-01 7.808949470520019531e+00
0.000000000000000000e+00 1.343327331542968750e+01 0.000000000000000000e+00 0.000000000000000000e+00 0.000000000000000000e+00 0.000000000000000000e+00 0.000000000000000000e+00 1.498959660530090332e+00 0.000000000000000000e+00 0.000000000000000000e+00
0.000000000000000000e+00 0.000000000000000000e+00 0.000000000000000000e+00 1.484673023223876953e-01 0.000000000000000000e+00 4.938539981842041016e+00 0.000000000000000000e+00 0.000000000000000000e+00 0.000000000000000000e+00 1.328934383392333984e+01
0.000000000000000000e+00 3.403918027877807617e+00 1.938580751419067383e+00 1.938943290710449219e+01 0.000000000000000000e+00 9.724043846130371094e+00 0.000000000000000000e+00 4.422507286071777344e+00 2.822468996047973633e+00 8.472882270812988281e+00
1.826181292533874512e+00 1.564310193061828613e+00 4.683185577392578125e+00 7.563604831695556641e+00 0.000000000000000000e+00 0.000000000000000000e+00 0.000000000000000000e+00 1.631935882568359375e+01 3.698155403137207031e+00 7.614328384399414062e+00
2.245812606811523438e+01 0.000000000000000000e+00 5.281688690185546875e+00 0.000000000000000000e+00 0.000000000000000000e+00 0.000000000000000000e+00 8.253996849060058594e+00 0.000000000000000000e+00 1.623826146125793457e+00 3.928849220275878906e+00
0.000000000000000000e+00 0.000000000000000000e+00 0.000000000000000000e+00 7.493377685546875000e+00 0.000000000000000000e+00 2.040215110778808594e+01 5.910321712493896484e+00 0.000000000000000000e+00 6.714057445526123047e+00 6.006273269653320312e+00
0.000000000000000000e+00 0.000000000000000000e+00 0.000000000000000000e+00 0.000000000000000000e+00 0.000000000000000000e+00 8.307627677917480469e+00 1.680163002014160156e+01 0.000000000000000000e+00 6.964208126068115234e+00 0.000000000000000000e+00
0.000000000000000000e+00 4.887704253196716309e-01 0.000000000000000000e+00 1.751634979248046875e+01 0.000000000000000000e+00 5.126338481903076172e+00 0.000000000000000000e+00 0.000000000000000000e+00 5.630443096160888672e+00 5.099638938903808594e+00
0.000000000000000000e+00 0.000000000000000000e+00 3.494053184986114502e-01 2.273237705230712891e+00 0.000000000000000000e+00 0.000000000000000000e+00 0.000000000000000000e+00 0.000000000000000000e+00 1.471444797515869141e+01 0.000000000000000000e+00
0.000000000000000000e+00 0.000000000000000000e+00 0.000000000000000000e+00 8.925146102905273438e+00 0.000000000000000000e+00 1.902027130126953125e+01 2.146849781274795532e-01 0.000000000000000000e+00 8.651545524597167969e+00 5.103309631347656250e+00
0.000000000000000000e+00 0.000000000000000000e+00 0.000000000000000000e+00 0.000000000000000000e+00 0.000000000000000000e+00 0.000000000000000000e+00 0.000000000000000000e+00 0.000000000000000000e+00 0.000000000000000000e+00 0.000000000000000000e+00
1.785235285758972168e+00 5.745393276214599609e+00 1.126438331604003906e+01 0.000000000000000000e+00 0.000000000000000000e+00 0.000000000000000000e+00 7.522484302520751953e+00 0.000000000000000000e+00 1.780529975891113281e+00 0.000000000000000000e+00
0.000000000000000000e+00 1.041429138183593750e+01 0.000000000000000000e+00 0.000000000000000000e+00 0.000000000000000000e+00 0.000000000000000000e+00 0.000000000000000000e+00 1.789574027061462402e+00 0.000000000000000000e+00 0.000000000000000000e+00
0.000000000000000000e+00 0.000000000000000000e+00 0.000000000000000000e+00 2.537586212158203125e+01 0.000000000000000000e+00 5.879278659820556641e+00 0.000000000000000000e+00 6.050736904144287109e+00 5.887638568878173828e+00 1.256730937957763672e+01
1.601542663574218750e+01 0.000000000000000000e+00 0.000000000000000000e+00 0.000000000000000000e+00 0.000000000000000000e+00 1.275216341018676758e+00 7.579444885253906250e+00 0.000000000000000000e+00 2.520802974700927734e+00 3.411715984344482422e+00
0.000000000000000000e+00 1.021681427955627441e+00 1.019867897033691406e+00 2.855192375183105469e+01 0.000000000000000000e+00 3.337033271789550781e+00 0.000000000000000000e+00 1.434254527091979980e+00 8.160367965698242188e+00 1.138527297973632812e+01
1.773517608642578125e+00 4.830448031425476074e-01 1.938608551025390625e+01 4.360579967498779297e+00 0.000000000000000000e+00 0.000000000000000000e+00 0.000000000000000000e+00 4.175819396972656250e+00 0.000000000000000000e+00 0.000000000000000000e+00
0.000000000000000000e+00 0.000000000000000000e+00 0.000000000000000000e+00 0.000000000000000000e+00 0.000000000000000000e+00 1.013841152191162109e+00 0.000000000000000000e+00 8.338625907897949219e+00 0.000000000000000000e+00 7.029312133789062500e+00
0.000000000000000000e+00 0.000000000000000000e+00 0.000000000000000000e+00 0.000000000000000000e+00 0.000000000000000000e+00 0.000000000000000000e+00 0.000000000000000000e+00 0.000000000000000000e+00 0.000000000000000000e+00 0.000000000000000000e+00
3.526619911193847656e+00 0.000000000000000000e+00 3.197417497634887695e+00 3.412872314453125000e+00 0.000000000000000000e+00 0.000000000000000000e+00 0.000000000000000000e+00 0.000000000000000000e+00 9.657728195190429688e+00 1.599976181983947754e+00
1.580777263641357422e+01 0.000000000000000000e+00 3.035219669342041016e+00 0.000000000000000000e+00 0.000000000000000000e+00 0.000000000000000000e+00 4.462352991104125977e-01 0.000000000000000000e+00 1.873591542243957520e+00 4.636617183685302734e+00
0.000000000000000000e+00 0.000000000000000000e+00 0.000000000000000000e+00 0.000000000000000000e+00 0.000000000000000000e+00 1.366716504096984863e+00 1.271840381622314453e+01 0.000000000000000000e+00 0.000000000000000000e+00 0.000000000000000000e+00
1.010092258453369141e+00 0.000000000000000000e+00 1.558207798004150391e+01 9.699294090270996094e+00 0.000000000000000000e+00 0.000000000000000000e+00 0.000000000000000000e+00 9.118195533752441406e+00 7.518023967742919922e+00 3.745547533035278320e+00
0.000000000000000000e+00 0.000000000000000000e+00 1.948853111267089844e+01 3.798151016235351562e+00 0.000000000000000000e+00 0.000000000000000000e+00 0.000000000000000000e+00 2.650313854217529297e+00 5.972492694854736328e+00 0.000000000000000000e+00
0.000000000000000000e+00 1.872194528579711914e+00 2.345849037170410156e+00 2.311159706115722656e+01 0.000000000000000000e+00 3.780325889587402344e+00 0.000000000000000000e+00 4.877570152282714844e+00 8.035668373107910156e+00 7.374178409576416016e+00
0.000000000000000000e+00 0.000000000000000000e+00 0.000000000000000000e+00 0.000000000000000000e+00 0.000000000000000000e+00 0.000000000000000000e+00 0.000000000000000000e+00 0.000000000000000000e+00 0.000000000000000000e+00 0.000000000000000000e+00
0.000000000000000000e+00 0.000000000000000000e+00 4.851722240447998047e+00 1.859850502014160156e+01 0.000000000000000000e+00 0.000000000000000000e+00 0.000000000000000000e+00 4.439257621765136719e+00 7.286480903625488281e+00 4.616614341735839844e+00
3.367121458053588867e+00 0.000000000000000000e+00 0.000000000000000000e+00 0.000000000000000000e+00 0.000000000000000000e+00 1.585022807121276855e+00 1.523336696624755859e+01 0.000000000000000000e+00 2.852800369262695312e+00 0.000000000000000000e+00
2.472031354904174805e+00 0.000000000000000000e+00 0.000000000000000000e+00 0.000000000000000000e+00 0.000000000000000000e+00 3.039863586425781250e+00 1.604074668884277344e+01 0.000000000000000000e+00 1.269840478897094727e+00 0.000000000000000000e+00
1.370822525024414062e+01 0.000000000000000000e+00 5.048312664031982422e+00 0.000000000000000000e+00 0.000000000000000000e+00 0.000000000000000000e+00 1.935086011886596680e+00 0.000000000000000000e+00 3.074419975280761719e+00 0.000000000000000000e+00
0.000000000000000000e+00 0.000000000000000000e+00 0.000000000000000000e+00 1.206605553627014160e+00 0.000000000000000000e+00 0.000000000000000000e+00 0.000000000000000000e+00 0.000000000000000000e+00 1.191171646118164062e+01 0.000000000000000000e+00
3.938340425491333008e+00 2.783462762832641602e+00 0.000000000000000000e+00 0.000000000000000000e+00 0.000000000000000000e+00 9.947667717933654785e-01 0.000000000000000000e+00 1.203245258331298828e+01 0.000000000000000000e+00 1.278005480766296387e+00
0.000000000000000000e+00 0.000000000000000000e+00 0.000000000000000000e+00 2.393201828002929688e+01 0.000000000000000000e+00 9.949183464050292969e+00 0.000000000000000000e+00 0.000000000000000000e+00 8.408269882202148438e+00 1.152683067321777344e+01
3.123912334442138672e+00 8.085530281066894531e+00 2.290752029418945312e+01 3.269685506820678711e+00 0.000000000000000000e+00 0.000000000000000000e+00 0.000000000000000000e+00 1.147956180572509766e+01 0.000000000000000000e+00 0.000000000000000000e+00
0.000000000000000000e+00 0.000000000000000000e+00 0.000000000000000000e+00 3.358096837997436523e+00 0.000000000000000000e+00 4.173832416534423828e+00 0.000000000000000000e+00 0.000000000000000000e+00 1.367175197601318359e+01 0.000000000000000000e+00
3.196124553680419922e+00 7.667488574981689453e+00 2.430661439895629883e+00 7.133262157440185547e+00 0.000000000000000000e+00 0.000000000000000000e+00 0.000000000000000000e+00 1.809949111938476562e+01 4.993393898010253906e+00 5.206082344055175781e+00
0.000000000000000000e+00 0.000000000000000000e+00 0.000000000000000000e+00 2.243114471435546875e+01 0.000000000000000000e+00 6.681119918823242188e+00 0.000000000000000000e+00 0.000000000000000000e+00 9.025136947631835938e+00 9.253206253051757812e+00
0.000000000000000000e+00 0.000000000000000000e+00 1.048922157287597656e+01 0.000000000000000000e+00 0.000000000000000000e+00 0.000000000000000000e+00 0.000000000000000000e+00 0.000000000000000000e+00 0.000000000000000000e+00 0.000000000000000000e+00
5.172743797302246094e+00 0.000000000000000000e+00 0.000000000000000000e+00 3.190019607543945312e+00 0.000000000000000000e+00 5.027449727058410645e-01 5.173811435699462891e+00 0.000000000000000000e+00 6.476583957672119141e+00 4.976759552955627441e-01
4.281017780303955078e+00 3.688839435577392578e+00 5.022573947906494141e+00 7.825653076171875000e+00 0.000000000000000000e+00 0.000000000000000000e+00 0.000000000000000000e+00 2.000852394104003906e+01 6.552974700927734375e+00 7.251678466796875000e+00
1.533514404296875000e+01 0.000000000000000000e+00 0.000000000000000000e+00 0.000000000000000000e+00 0.000000000000000000e+00 0.000000000000000000e+00 6.870161294937133789e-01 0.000000000000000000e+00 2.997744083404541016e-01 7.134171009063720703e+00
0.000000000000000000e+00 0.000000000000000000e+00 0.000000000000000000e+00 1.148044586181640625e+01 0.000000000000000000e+00 2.565380668640136719e+01 2.230242252349853516e+00 0.000000000000000000e+00 9.111220359802246094e+00 1.091310405731201172e+01
2.150869178771972656e+01 0.000000000000000000e+00 3.483984470367431641e+00 0.000000000000000000e+00 0.000000000000000000e+00 0.000000000000000000e+00 7.460161685943603516e+00 0.000000000000000000e+00 5.422486066818237305e-01 4.163013458251953125e+00
0.000000000000000000e+00 4.697118759155273438e+00 1.699529075622558594e+01 2.079663276672363281e+00 0.000000000000000000e+00 0.000000000000000000e+00 0.000000000000000000e+00 1.077725529670715332e+00 3.562445402145385742e+00 0.000000000000000000e+00
2.925554990768432617e+00 7.058054447174072266e+00 9.198522567749023438e+00 9.015962600708007812e+00 0.000000000000000000e+00 0.000000000000000000e+00 0.000000000000000000e+00 1.820794105529785156e+01 4.258489608764648438e+00 5.906943798065185547e+00
0.000000000000000000e+00 0.000000000000000000e+00 0.000000000000000000e+00 3.500913619995117188e+00 0.000000000000000000e+00 2.971086978912353516e+00 0.000000000000000000e+00 0.000000000000000000e+00 3.535707473754882812e+00 1.664925956726074219e+01
0.000000000000000000e+00 0.000000000000000000e+00 0.000000000000000000e+00 0.000000000000000000e+00 0.000000000000000000e+00 0.000000000000000000e+00 0.000000000000000000e+00 0.000000000000000000e+00 0.000000000000000000e+00 0.000000000000000000e+00
0.000000000000000000e+00 0.000000000000000000e+00 0.000000000000000000e+00 0.000000000000000000e+00 0.000000000000000000e+00 7.151353955268859863e-01 0.000000000000000000e+00 0.000000000000000000e+00 1.045050334930419922e+01 0.000000000000000000e+00
