1.291041821241378784e-01 3.352535963058471680e-01 2.912394404411315918e-01 -1.399770826101303101e-01 -3.765600919723510742e-02 1.164899542927742004e-01 2.789031267166137695e-01 5.255647469311952591e-03 4.937195032835006714e-02 -1.099490374326705933e-01 1.997482329607009888e-01 3.708612024784088135e-01 -9.374669753015041351e-03 -2.180033326148986816e-01 -6.018110364675521851e-02 -9.565513581037521362e-02
1.515757888555526733e-01 8.667784184217453003e-02 -1.102276593446731567e-01 1.372282356023788452e-01 -5.538383126258850098e-02 2.872804999351501465e-01 2.801605463027954102e-01 1.733347326517105103e-01 1.325039416551589966e-01 -7.395752519369125366e-02 1.925535500049591064e-01 -9.243631362915039062e-02 -1.567001938819885254e-01 9.252522140741348267e-02 -8.409847319126129150e-02 -1.420301049947738647e-01
-1.398063153028488159e-01 2.734496816992759705e-02 -1.238349601626396179e-01 -8.361031860113143921e-02 -5.662465840578079224e-02 2.256052494049072266e-01 1.110600829124450684e-01 6.495557725429534912e-02 -2.160795964300632477e-02 -7.898534089326858521e-02 3.431445360183715820e-02 8.272565901279449463e-02 -1.819865554571151733e-01 1.308479011058807373e-01 2.263486683368682861e-01 -8.949221670627593994e-02
8.551918715238571167e-02 1.908415853977203369e-01 -2.458852827548980713e-01 -6.392882019281387329e-02 -9.911213815212249756e-02 -2.328430116176605225e-01 -2.501481175422668457e-01 6.450950354337692261e-02 -3.359702229499816895e-02 -2.043580077588558197e-02 -2.589133381843566895e-01 1.218575704842805862e-02 -1.264203619211912155e-02 -2.702981233596801758e-01 -1.747560501098632812e-01 -4.063125699758529663e-02
-4.354773554950952530e-03 -1.926511973142623901e-01 5.973999947309494019e-02 -1.026656851172447205e-01 1.647133380174636841e-01 8.704175800085067749e-02 1.999375820159912109e-01 9.173203259706497192e-02 8.388864248991012573e-02 2.623488605022430420e-01 -1.023568958044052124e-01 2.939797043800354004e-01 1.545621901750564575e-01 3.446440100669860840e-01 3.457948863506317139e-01 3.086981475353240967e-01
3.436042964458465576e-01 2.305102646350860596e-01 4.992112889885902405e-02 3.344647884368896484e-01 1.204079911112785339e-01 2.956125140190124512e-01 2.565891854465007782e-02 -2.137311846017837524e-01 -2.412738502025604248e-01 -3.801058977842330933e-02 5.830594524741172791e-02 -2.422518730163574219e-01 -1.544724851846694946e-01 -2.640150114893913269e-02 -2.171226441860198975e-01 2.925593778491020203e-02
-7.096334826201200485e-03 -1.214625537395477295e-01 -1.238083094358444214e-01 -9.003528952598571777e-02 9.943325072526931763e-02 1.175482571125030518e-01 -3.486504778265953064e-02 -5.637319758534431458e-02 -2.184263616800308228e-01 -2.405185252428054810e-01 -1.946988105773925781e-01 6.595723330974578857e-02 -2.446935176849365234e-01 -2.438769936561584473e-01 1.366903036832809448e-01 -1.623189300298690796e-01
-2.664952278137207031e-01 -2.198440730571746826e-01 1.435576677322387695e-01 -1.109685003757476807e-01 8.238269388675689697e-02 2.555048838257789612e-02 1.316597759723663330e-01 2.944983839988708496e-01 -2.234817668795585632e-02 1.566603779792785645e-01 7.002592086791992188e-02 2.325649708509445190e-01 1.070224642753601074e-01 1.001419499516487122e-01 2.049690932035446167e-01 1.080448701977729797e-01
-1.598505526781082153e-01 6.139151379466056824e-02 3.760978281497955322e-01 3.880636394023895264e-01 1.329812854528427124e-01 7.372280210256576538e-02 1.257891654968261719e-01 -6.769497413188219070e-03 5.590320229530334473e-01 2.284136861562728882e-01 2.909342050552368164e-01 2.878770828247070312e-01 2.756937742233276367e-01 3.940629661083221436e-01 3.630264401435852051e-01 1.417981740087270737e-02
-1.220392733812332153e-01 -4.112493246793746948e-02 2.783749997615814209e-01 -4.972285404801368713e-02 3.969670087099075317e-02 1.228770799934864044e-02 2.704840004444122314e-01 1.869936883449554443e-01 2.037013918161392212e-01 7.838881015777587891e-02 -7.457479834556579590e-02 3.973915278911590576e-01 2.117878645658493042e-01 1.155971363186836243e-01 -8.069605380296707153e-02 1.130072027444839478e-02
4.336315691471099854e-01 2.576234936714172363e-01 -9.028960764408111572e-02 -1.923897266387939453e-01 1.067779660224914551e-01 1.252547949552536011e-01 6.993742287158966064e-02 -1.003759056329727173e-01 -1.443054974079132080e-01 -2.649025321006774902e-01 -1.049534827470779419e-01 -1.024543866515159607e-01 5.148115381598472595e-02 5.376362800598144531e-02 1.116996854543685913e-01 2.265702933073043823e-01
3.751519918441772461e-01 3.308883607387542725e-01 -2.247671037912368774e-01 -2.419937252998352051e-01 2.047987729310989380e-01 4.198948442935943604e-01 6.119646430015563965e-01 5.900770425796508789e-01 1.716025620698928833e-01 -2.368942946195602417e-01 2.031046897172927856e-01 4.551291763782501221e-01 5.593695640563964844e-01 6.653043031692504883e-01 -4.757217764854431152e-01 -2.107686400413513184e-01
-3.843039274215698242e-01 -1.464591920375823975e-01 1.793287843465805054e-01 -3.854441940784454346e-01 -4.951008856296539307e-01 -4.019339382648468018e-01 -3.681765198707580566e-01 -1.550918072462081909e-01 -1.754557490348815918e-01 -1.738997548818588257e-01 -2.476515062153339386e-02 1.823328286409378052e-01 2.733923122286796570e-02 -1.265766769647598267e-01 -3.260042518377304077e-03 -1.790635138750076294e-01
-8.333632349967956543e-02 2.264264225959777832e-02 -1.040539368987083435e-01 5.854280665516853333e-02 -4.201811924576759338e-02 -1.581374853849411011e-01 -4.389708489179611206e-02 -8.911723643541336060e-02 -6.786021590232849121e-02 1.297274418175220490e-02 -1.621041595935821533e-01 -6.532308179885149002e-03 -1.479438599199056625e-02 9.333973377943038940e-02 -1.888678967952728271e-01 -5.306462943553924561e-02
-1.478890776634216309e-01 -4.075678810477256775e-02 -2.002039700746536255e-01 -1.794087588787078857e-01 -7.540027797222137451e-02 -1.969455182552337646e-01 -2.030054777860641479e-01 4.148162156343460083e-02 -6.982768326997756958e-02 7.767838984727859497e-02 -1.389381438493728638e-01 8.783718198537826538e-02 8.958031237125396729e-02 -1.082427576184272766e-01 -9.837606549263000488e-02 1.775407642126083374e-01
-2.015557438135147095e-01 1.073701381683349609e-01 9.350994974374771118e-02 -1.312255859375000000e-01 -1.220491528511047363e-01 -8.642813563346862793e-02 -2.052401602268218994e-01 3.875447437167167664e-02 -1.514261215925216675e-01 3.702413290739059448e-02 3.706327676773071289e-01 3.337460458278656006e-01 4.135466814041137695e-01 3.507336378097534180e-01 1.355765461921691895e-01 5.255215167999267578e-01
4.960264861583709717e-01 1.841543167829513550e-01 -7.979829609394073486e-02 -1.830176115036010742e-01 3.532954156398773193e-01 4.675363376736640930e-02 -2.210996896028518677e-01 -2.702298164367675781e-01 -2.055844366550445557e-01 6.216979771852493286e-02 -6.855374574661254883e-02 -9.225160628557205200e-02 -3.308431208133697510e-01 -5.975693464279174805e-02 1.212869063019752502e-01 2.947917906567454338e-03
-1.871213763952255249e-01 -2.049554511904716492e-02 -1.443846989423036575e-02 -1.073115617036819458e-01 -2.379828393459320068e-01 -2.534147202968597412e-01 1.271237432956695557e-01 -3.662383882328867912e-03 3.431400284171104431e-03 -2.253262400627136230e-01 7.546304911375045776e-02 2.612690329551696777e-01 2.271930873394012451e-01 2.018567323684692383e-01 2.407357692718505859e-01 2.580321133136749268e-01
-8.640653453767299652e-03 1.136606931686401367e-01 2.183255851268768311e-01 3.569329082965850830e-01 6.004511192440986633e-02 -4.109906777739524841e-02 8.905193209648132324e-02 5.374877154827117920e-02 -1.856210827827453613e-01 1.236724629998207092e-01 -1.749126166105270386e-01 -1.998811662197113037e-01 3.370227292180061340e-02 -5.652780458331108093e-02 3.611225783824920654e-01 1.075716540217399597e-01
1.884413957595825195e-01 2.010877430438995361e-01 2.440236955881118774e-01 4.015492200851440430e-01 -2.779097110033035278e-02 -2.791101336479187012e-01 2.601867914199829102e-01 1.250710040330886841e-01 2.640056610107421875e-01 1.200858801603317261e-01 -4.601764678955078125e-02 -3.647844865918159485e-02 5.438024550676345825e-02 3.635327517986297607e-01 2.412542402744293213e-01 1.777791678905487061e-01
-4.174170643091201782e-02 2.294341623783111572e-01 6.042544916272163391e-02 -1.855081170797348022e-01 -1.149319112300872803e-01 -8.862049318850040436e-03 2.884119376540184021e-02 -2.196410298347473145e-02 -8.571538329124450684e-02 -4.370025545358657837e-02 -4.737316444516181946e-02 2.409349083900451660e-01 2.204586267471313477e-01 -2.012851983308792114e-01 -1.692002564668655396e-01 1.089626550674438477e-01
4.217894673347473145e-01 -9.467519819736480713e-02 7.739436626434326172e-02 -7.386148907244205475e-03 4.517078697681427002e-01 5.706998109817504883e-01 2.021052837371826172e-01 1.587402671575546265e-01 8.973511308431625366e-02 3.618899881839752197e-01 4.686214923858642578e-01 4.286680836230516434e-03 -2.433810383081436157e-02 1.731234975159168243e-02 8.109022676944732666e-02 -2.139070630073547363e-01
-3.025094792246818542e-02 -1.401664968580007553e-02 3.471992015838623047e-01 -2.823466062545776367e-01 -2.336600571870803833e-01 -1.677656918764114380e-01 4.350702837109565735e-02 3.847421407699584961e-01 -2.820414304733276367e-01 -2.763386368751525879e-01 7.708454877138137817e-02 2.319687157869338989e-01 1.950419098138809204e-01 -1.634598076343536377e-01 -2.941973879933357239e-02 -7.974828779697418213e-02
3.947174251079559326e-01 3.924106061458587646e-01 1.229522228240966797e-01 1.060121133923530579e-02 2.562853693962097168e-01 4.025424122810363770e-01 4.059492945671081543e-01 2.351205796003341675e-01 3.327266573905944824e-01 3.077037632465362549e-01 8.998183906078338623e-02 -2.515728771686553955e-01 2.854752540588378906e-01 3.565816879272460938e-01 1.111191660165786743e-01 -2.351728379726409912e-01
-4.390331208705902100e-01 1.349733173847198486e-01 5.298737883567810059e-01 1.995782703161239624e-01 -3.319112360477447510e-01 -1.529847383499145508e-01 3.662146031856536865e-01 3.007637560367584229e-01 8.256341330707073212e-03 -3.531018495559692383e-01 -3.630211651325225830e-01 2.345559149980545044e-01 2.865525186061859131e-01 1.324386745691299438e-01 9.468179196119308472e-03 -3.248910307884216309e-01
