1.030637975782155991e-02
1.773580461740493774e-01
-1.347111165523529053e-01
-7.514618337154388428e-02
-5.250357463955879211e-02
5.112399533390998840e-02
-5.486044660210609436e-02
-9.550767950713634491e-03
-5.119756236672401428e-02
4.676378518342971802e-02
-4.868859052658081055e-02
-3.321016207337379456e-03
9.533461183309555054e-02
2.769312821328639984e-02
-2.528551779687404633e-02
-1.585195423103868961e-04
-7.733319699764251709e-02
2.478590048849582672e-02
-6.221664324402809143e-02
-9.234831668436527252e-03
1.176749914884567261e-02
7.640888914465904236e-03
5.421303585171699524e-02
4.950086772441864014e-02
-6.336399167776107788e-02
1.420972682535648346e-02
5.266004428267478943e-02
-5.510553717613220215e-02
7.177895866334438324e-03
-5.420411005616188049e-02
3.907170891761779785e-02
9.096466004848480225e-02
1.417814344167709351e-01
6.517824530601501465e-02
1.094716973602771759e-02
3.856181353330612183e-02
5.439879000186920166e-02
-7.987429946660995483e-02
8.109236508607864380e-02
-5.295500904321670532e-02
9.039347618818283081e-02
5.150232836604118347e-02
8.384439349174499512e-02
-1.880225166678428650e-02
1.562256738543510437e-02
8.069705218076705933e-02
7.479075342416763306e-02
-5.468219146132469177e-02
7.574459165334701538e-02
-1.802899315953254700e-02
7.079020142555236816e-02
-9.743563085794448853e-02
1.531230006366968155e-02
-6.295223534107208252e-02
8.598700910806655884e-02
-4.355973377823829651e-02
8.151265233755111694e-02
-9.032143652439117432e-02
1.280392706394195557e-01
-1.752239093184471130e-02
1.427420880645513535e-02
9.015340358018875122e-02
9.926285594701766968e-03
2.357185631990432739e-02
2.371951937675476074e-02
5.520724225789308548e-03
5.864533036947250366e-02
4.540767893195152283e-02
1.554887294769287109e-01
8.260422945022583008e-02
-5.031555518507957458e-02
3.030618838965892792e-02
-6.850837916135787964e-02
3.912998735904693604e-02
1.077140942215919495e-01
-7.568803615868091583e-03
-3.800830803811550140e-03
9.021254628896713257e-02
8.131821453571319580e-02
1.118757426738739014e-01
-3.967983275651931763e-02
1.842137426137924194e-02
1.930709481239318848e-01
-5.390933901071548462e-02
1.042033731937408447e-01
1.144601181149482727e-01
7.253938168287277222e-02
1.855138689279556274e-02
-1.462332159280776978e-02
2.073537856340408325e-01
1.570773720741271973e-01
7.516571320593357086e-03
1.026461571455001831e-01
8.951272815465927124e-02
1.166137903928756714e-01
3.931400366127490997e-03
5.218464881181716919e-03
3.737776773050427437e-03
-1.169844530522823334e-02
-7.860494777560234070e-03
-4.761809483170509338e-02
7.988068461418151855e-02
1.282249540090560913e-01
3.181968256831169128e-02
-4.781002551317214966e-02
-8.140926063060760498e-02
1.026228293776512146e-01
4.093623533844947815e-02
1.966368556022644043e-01
3.710504993796348572e-02
1.115617454051971436e-01
-7.706288993358612061e-02
1.669291406869888306e-01
-3.463511914014816284e-02
3.376656025648117065e-02
1.001538112759590149e-01
1.829903870820999146e-01
8.926820009946823120e-02
-2.634755335748195648e-02
6.345659494400024414e-02
8.791986107826232910e-02
7.966715097427368164e-02
4.721125215291976929e-02
-5.983189865946769714e-02
8.049365878105163574e-02
-8.955741673707962036e-02
4.838575795292854309e-02
-1.233045980334281921e-01
