-2.605724148452281952e-03
1.392064243555068970e-01
1.147116883657872677e-03
3.373097255825996399e-02
5.195769295096397400e-02
-2.375382743775844574e-02
2.383459545671939850e-02
3.767494857311248779e-02
4.609017074108123779e-02
6.745845079421997070e-02
8.835422992706298828e-02
3.133952245116233826e-02
1.323817670345306396e-01
-4.312422126531600952e-02
3.903594985604286194e-02
6.025281175971031189e-02
-3.489310294389724731e-02
-1.116026192903518677e-02
8.389024436473846436e-02
7.478986866772174835e-03
6.693586707115173340e-02
1.705831848084926605e-02
-1.063177827745676041e-02
-3.118909336626529694e-02
8.962123095989227295e-02
6.473557557910680771e-03
9.300637990236282349e-02
-4.406232014298439026e-02
6.746785342693328857e-02
-3.384268283843994141e-02
2.760136500000953674e-02
1.042198166251182556e-01
5.684578791260719299e-02
4.843996837735176086e-02
-4.641878977417945862e-02
2.971495874226093292e-02
-8.880171179771423340e-02
-6.821285467594861984e-03
-4.250579699873924255e-02
6.221374031156301498e-03
-4.780799895524978638e-02
5.632272362709045410e-02
6.051928550004959106e-02
4.096552357077598572e-02
-3.695173421874642372e-03
4.133883491158485413e-02
7.874110341072082520e-02
4.788049682974815369e-02
-1.269931346178054810e-02
5.187804251909255981e-02
-4.118543863296508789e-02
-6.440909951925277710e-02
2.726786211133003235e-02
1.315723452717065811e-02
-2.840862050652503967e-02
-1.627232506871223450e-02
2.642002142965793610e-02
3.295651823282241821e-02
4.360427334904670715e-02
-2.017097361385822296e-02
4.938533902168273926e-02
7.401504367589950562e-02
-4.201417788863182068e-03
8.183040656149387360e-03
1.621434651315212250e-02
8.036194369196891785e-03
-1.547662448137998581e-02
3.956167772412300110e-02
5.857593566179275513e-02
-1.206376589834690094e-02
3.095538914203643799e-02
-2.475066296756267548e-02
2.847571298480033875e-02
-6.525565683841705322e-02
-1.452856790274381638e-02
-1.164596378803253174e-01
-5.858451873064041138e-02
-3.406454622745513916e-02
-5.478291772305965424e-03
-3.626238927245140076e-02
5.554533749818801880e-02
5.743633583188056946e-02
-1.079863682389259338e-02
-4.101852420717477798e-03
1.112293228507041931e-01
6.467642635107040405e-02
1.021229103207588196e-02
-1.626996509730815887e-02
-2.154276147484779358e-02
1.072449311614036560e-01
2.782673761248588562e-02
2.771481871604919434e-03
3.222632408142089844e-02
1.321945432573556900e-02
8.332833647727966309e-02
6.909754127264022827e-02
8.268030942417681217e-04
1.609357744455337524e-01
7.232180982828140259e-02
-2.407685481011867523e-02
3.866583853960037231e-02
6.901738047599792480e-02
2.621911093592643738e-02
-1.494599655416095629e-05
4.528268240392208099e-03
2.250798419117927551e-02
-1.616226322948932648e-02
8.770246990025043488e-03
3.462636470794677734e-02
2.909884229302406311e-02
9.088327735662460327e-02
3.329782560467720032e-02
1.764662191271781921e-02
-1.333648338913917542e-02
3.543342649936676025e-02
3.854832425713539124e-02
-1.075026299804449081e-02
-6.769269704818725586e-02
-2.178969234228134155e-02
-1.986633613705635071e-02
9.377475827932357788e-02
3.413497284054756165e-02
1.004343479871749878e-01
7.835151255130767822e-02
8.652884513139724731e-03
4.163631796836853027e-02
-1.093972548842430115e-01
2.316968888044357300e-02
