-3.714923143386840820e+00 -1.580715179443359375e+00 4.903979301452636719e-01 3.430059671401977539e+00 -2.402633905410766602e+00 -2.814733982086181641e-01 -4.643807888031005859e+00 -6.167549610137939453e+00 1.195712566375732422e+01 2.354508399963378906e+00
3.377601861953735352e+00 -1.163833236694335938e+01 6.083640456199645996e-01 -3.154032230377197266e+00 3.720420598983764648e+00 -5.246265411376953125e+00 -4.735397338867187500e+00 4.487217903137207031e+00 1.778026103973388672e+00 1.021687793731689453e+01
4.072794914245605469e+00 -9.828291893005371094e+00 1.548185586929321289e+00 -1.985891222953796387e+00 3.362115323543548584e-01 -2.503594875335693359e+00 -9.069715499877929688e+00 8.278987884521484375e+00 6.799966692924499512e-01 8.321326255798339844e+00
-3.158922195434570312e+00 3.007519245147705078e-02 5.359384417533874512e-01 7.602568149566650391e+00 -1.942306637763977051e+00 3.052686214447021484e+00 -4.492384910583496094e+00 -2.837140083312988281e+00 5.761802792549133301e-01 6.663206219673156738e-01
-8.894454240798950195e-01 1.616090536117553711e+00 9.849570274353027344e+00 9.486445039510726929e-02 -4.552699089050292969e+00 -3.938102245330810547e+00 -1.098892092704772949e+00 1.609998941421508789e-01 3.142755508422851562e+00 -4.971923351287841797e+00
-7.786176204681396484e+00 9.430191993713378906e+00 -6.646271944046020508e-01 1.486062765121459961e+00 -4.276614189147949219e-01 -1.831628203392028809e+00 -2.292467594146728516e+00 1.170070648193359375e+00 1.013458490371704102e+00 -8.277257084846496582e-01
-4.327835559844970703e+00 -1.862299442291259766e-02 -7.836519181728363037e-02 9.459295123815536499e-02 5.008026957511901855e-01 -4.737152457237243652e-01 -2.960680246353149414e+00 -4.064818859100341797e+00 9.969010353088378906e+00 1.028565287590026855e+00
8.702372550964355469e+00 -9.568604469299316406e+00 3.386687040328979492e+00 -3.714399576187133789e+00 1.446544766426086426e+00 -4.636363029479980469e+00 7.985347747802734375e+00 -3.788163423538208008e+00 8.132604956626892090e-01 3.320941701531410217e-02
-4.076745033264160156e+00 7.479188919067382812e+00 1.159691905975341797e+01 4.075494766235351562e+00 -1.001553630828857422e+01 -1.273530125617980957e+00 -3.314519166946411133e+00 8.084827661514282227e-02 3.618843078613281250e+00 -8.714001655578613281e+00
-1.103026047348976135e-01 -5.388837814331054688e+00 -6.513338088989257812e-01 3.782856225967407227e+00 -4.409556865692138672e+00 -9.521915912628173828e-01 -6.982936859130859375e+00 -3.843705892562866211e+00 1.363146686553955078e+01 4.448698520660400391e+00
2.429188728332519531e+00 -4.443223476409912109e+00 1.663074684143066406e+01 6.507687568664550781e+00 -8.396254539489746094e+00 -4.585581302642822266e+00 -4.224286377429962158e-01 9.924424290657043457e-01 1.507344245910644531e+00 -9.957129478454589844e+00
-4.611147880554199219e+00 -8.106236457824707031e-01 -2.449467420578002930e+00 5.545615196228027344e+00 -1.720900297164916992e+00 5.256725311279296875e+00 -5.598523139953613281e+00 -2.800291776657104492e+00 5.721313476562500000e+00 2.200603008270263672e+00
-3.399398565292358398e+00 -6.716159820556640625e+00 -4.687037944793701172e+00 7.701722383499145508e-01 4.382669925689697266e+00 7.499822378158569336e-01 -4.993009567260742188e+00 2.141913890838623047e+00 3.518718242645263672e+00 8.875502586364746094e+00
-2.649794340133666992e+00 -4.859224796295166016e+00 -5.434504508972167969e+00 8.056600570678710938e+00 -7.218854427337646484e+00 1.706404876708984375e+01 -4.225369930267333984e+00 -8.051479339599609375e+00 6.261437416076660156e+00 3.358884572982788086e+00
1.405310058593750000e+01 -1.156726455688476562e+01 3.609404325485229492e+00 -6.169948577880859375e-01 -4.990655899047851562e+00 -1.753073573112487793e+00 1.365662813186645508e+00 -4.575734138488769531e+00 2.876886606216430664e+00 9.860402941703796387e-01
1.463352966308593750e+01 -4.708526134490966797e+00 7.291477203369140625e+00 -1.410217523574829102e+00 -1.466376399993896484e+01 7.023019313812255859e+00 4.079422950744628906e+00 -7.039004325866699219e+00 -1.590039968490600586e+00 -3.130295038223266602e+00
7.147313594818115234e+00 -4.093111991882324219e+00 -1.484444975852966309e+00 -2.401764869689941406e+00 -2.300207853317260742e+00 3.211949348449707031e+00 5.750161170959472656e+00 -2.701135635375976562e+00 -1.899600386619567871e+00 1.149959266185760498e-01
-2.786301136016845703e+00 -3.638692855834960938e+00 8.085821866989135742e-01 -3.150573730468750000e+00 9.227492332458496094e+00 1.306216716766357422e-01 -1.041845679283142090e+00 -1.237128019332885742e+00 1.610973358154296875e+00 4.101661145687103271e-01
-1.033150553703308105e+00 -7.101758003234863281e+00 -9.766196012496948242e-01 1.785192131996154785e+00 2.668425559997558594e+00 -1.553188562393188477e+00 -1.000113773345947266e+01 4.986458778381347656e+00 -7.016856074333190918e-01 1.240772724151611328e+01
-2.840222835540771484e+00 -5.500081062316894531e+00 -6.963428258895874023e-01 -3.664610385894775391e+00 1.408478355407714844e+01 -3.304430484771728516e+00 1.039186865091323853e-02 1.121279478073120117e+00 -1.111511111259460449e+00 2.458772182464599609e+00
1.511919140815734863e+00 -3.969417095184326172e+00 9.048851966857910156e+00 1.573040127754211426e+00 -7.204614281654357910e-01 -5.521829128265380859e+00 -2.640612125396728516e+00 3.683826446533203125e+00 -8.058930039405822754e-01 -2.577292442321777344e+00
-1.096301198005676270e+00 -3.978046417236328125e+00 7.120065689086914062e+00 9.728296279907226562e+00 -1.007738590240478516e+01 -1.586093306541442871e+00 -1.025115108489990234e+01 3.495339393615722656e+00 5.475407123565673828e+00 1.618379235267639160e+00
1.323487520217895508e+00 -5.696797847747802734e+00 9.842415809631347656e+00 1.424135804176330566e+00 -4.448714733123779297e+00 -3.381618499755859375e+00 -3.442793130874633789e+00 2.582581520080566406e+00 2.525246143341064453e+00 -2.384150922298431396e-01
-5.978139400482177734e+00 -1.450028896331787109e+00 -5.823731899261474609e+00 1.628847956657409668e+00 4.765372276306152344e+00 1.263524174690246582e+00 -7.074936389923095703e+00 8.319383263587951660e-01 1.414331793785095215e+00 1.027562999725341797e+01
-1.063060402870178223e+00 -2.564820349216461182e-01 1.270294952392578125e+01 2.896276712417602539e+00 -5.186831951141357422e+00 -4.302353382110595703e+00 -3.876140832901000977e+00 1.125289678573608398e+00 1.948708772659301758e+00 -4.773582935333251953e+00
1.292574882507324219e+01 -8.073838233947753906e+00 6.146065235137939453e+00 -2.961866855621337891e+00 -5.735832214355468750e+00 -3.892486095428466797e+00 -7.672196626663208008e-01 -3.848100304603576660e-01 -1.321943998336791992e+00 3.515805959701538086e+00
-2.684033155441284180e+00 4.383029043674468994e-01 -1.872862339019775391e+00 8.037777900695800781e+00 -7.568740844726562500e+00 -1.318829178810119629e+00 -9.025310516357421875e+00 -3.870894670486450195e+00 1.186464786529541016e+01 4.997156620025634766e+00
-1.653687059879302979e-01 -3.607973337173461914e+00 1.006042385101318359e+01 2.938720941543579102e+00 -6.382786273956298828e+00 -4.020592212677001953e+00 -5.001146793365478516e+00 4.769854545593261719e+00 4.165073871612548828e+00 -2.863070487976074219e+00
-4.717634677886962891e+00 -3.352822303771972656e+00 -1.937495231628417969e+00 2.147270679473876953e+00 4.265450477600097656e+00 -2.678831577301025391e+00 -6.159217357635498047e+00 4.431211352348327637e-01 2.104878187179565430e+00 9.856135368347167969e+00
-3.786737203598022461e+00 -3.589776992797851562e+00 -1.994004011154174805e+00 -5.653635263442993164e-01 6.950692176818847656e+00 -7.183357477188110352e-01 -3.990577697753906250e+00 2.506180524826049805e+00 1.722521543502807617e+00 4.088801383972167969e+00
-4.899055480957031250e+00 9.027856826782226562e+00 1.434745073318481445e+00 -6.900005340576171875e-01 7.989071309566497803e-02 -2.968013763427734375e+00 -2.242475509643554688e+00 2.827609300613403320e+00 -2.221794426441192627e-02 -3.480170726776123047e+00
-5.714182853698730469e+00 7.736190557479858398e-01 1.054874897003173828e+01 5.208101272583007812e+00 5.109895706176757812e+00 -2.293759346008300781e+00 -1.850863456726074219e+00 -2.122514247894287109e+00 -2.189651012420654297e+00 -7.951295375823974609e+00
-4.713215827941894531e-01 -4.135641098022460938e+00 1.550720882415771484e+01 6.107753276824951172e+00 -4.923418045043945312e+00 -7.250881195068359375e+00 -5.377346992492675781e+00 8.387553215026855469e+00 4.295145273208618164e-01 -7.772751808166503906e+00
-6.016867756843566895e-01 -3.585610389709472656e+00 3.108013391494750977e+00 -2.091738879680633545e-01 4.227589607238769531e+00 -4.270905494689941406e+00 -4.174086093902587891e+00 -4.066247940063476562e-01 -1.624621897935867310e-01 5.411348819732666016e+00
-4.157356262207031250e+00 6.194209575653076172e+00 6.945180296897888184e-01 -6.643972396850585938e-01 1.277210474014282227e+00 -2.869545936584472656e+00 -3.036732673645019531e+00 3.999169111251831055e+00 -7.326483726501464844e-01 -1.634625554084777832e+00
1.150692582130432129e+00 -1.271224617958068848e+00 6.708082556724548340e-01 -2.681806802749633789e+00 5.872633457183837891e-01 3.013196468353271484e+00 8.432252883911132812e+00 -5.368311882019042969e+00 5.181415081024169922e-01 -3.695707321166992188e+00
-1.884533047676086426e+00 5.590454101562500000e+00 1.416676616668701172e+01 3.758034944534301758e+00 -9.630037307739257812e+00 -7.096086978912353516e+00 -3.050958395004272461e+00 -1.098768711090087891e+00 4.511992931365966797e+00 -6.597543239593505859e+00
-9.320060729980468750e+00 -7.001496553421020508e-01 -3.571482658386230469e+00 2.479997634887695312e+00 9.015665054321289062e+00 -8.566367626190185547e-01 -5.564551353454589844e+00 -1.461530923843383789e+00 3.838602542877197266e+00 6.395040035247802734e+00
-2.756519079208374023e+00 -2.895101070404052734e+00 1.064562559127807617e+00 1.356206703186035156e+01 -5.887873649597167969e+00 5.183835983276367188e+00 -1.077801513671875000e+01 -2.757242441177368164e+00 4.465233325958251953e+00 1.078460097312927246e+00
-3.624824285507202148e+00 2.002603054046630859e+00 5.421490192413330078e+00 1.215987396240234375e+01 -4.046301841735839844e+00 3.613493919372558594e+00 1.061089038848876953e+00 -8.360619544982910156e+00 1.089752078056335449e+00 -8.640230178833007812e+00
1.020054340362548828e+00 -1.116045355796813965e+00 7.805280685424804688e-01 8.558055877685546875e+00 -2.560068607330322266e+00 4.473086833953857422e+00 1.059154868125915527e+00 -2.476834535598754883e+00 -1.603636384010314941e+00 -7.069012165069580078e+00
1.480926752090454102e+00 -8.452082633972167969e+00 -8.171240985393524170e-02 -2.784774780273437500e+00 4.560757637023925781e+00 -3.565119504928588867e-01 -3.584900379180908203e+00 1.441411733627319336e+00 -5.192645192146301270e-01 9.077881813049316406e+00
-2.865475416183471680e+00 -3.456645011901855469e+00 -4.088815450668334961e-01 -5.325986742973327637e-01 7.971478462219238281e+00 7.256433963775634766e-01 -4.707242965698242188e+00 3.533765673637390137e-01 -2.577713966369628906e+00 5.862850666046142578e+00
5.972136855125427246e-01 -7.258632183074951172e+00 -2.962856292724609375e-01 -2.438118219375610352e+00 3.115238904953002930e+00 -1.076030850410461426e+00 -4.663977622985839844e+00 3.183110713958740234e+00 4.475263953208923340e-01 8.443550109863281250e+00
4.137048244476318359e+00 -8.296613693237304688e+00 2.799363136291503906e+00 -6.953586101531982422e+00 6.733994483947753906e+00 -2.364368915557861328e+00 1.296952056884765625e+01 -3.646231889724731445e+00 -1.515545368194580078e+00 -1.875345706939697266e+00
2.451791524887084961e+00 -5.683975696563720703e+00 -1.080596297979354858e-01 -5.116819143295288086e-01 -1.449628472328186035e+00 1.074906706809997559e+00 -6.540893554687500000e+00 8.184470176696777344e+00 -1.871660351753234863e+00 5.656764984130859375e+00
-2.927811384201049805e+00 -6.918820738792419434e-02 -2.092630714178085327e-01 3.287319660186767578e+00 -3.166544914245605469e+00 -2.435943126678466797e+00 -5.795622348785400391e+00 -3.642095327377319336e+00 1.216408538818359375e+01 1.902469754219055176e+00
-6.022776126861572266e+00 -4.727735996246337891e+00 -5.493238449096679688e+00 1.831069827079772949e+00 6.289826393127441406e+00 -1.658264994621276855e+00 -9.652068138122558594e+00 1.841529607772827148e+00 3.634853124618530273e+00 1.316487216949462891e+01
1.383865952491760254e+00 -3.380771636962890625e+00 1.137774467468261719e+00 2.916677594184875488e-01 -2.103304147720336914e+00 5.430034637451171875e+00 1.320457756519317627e-01 -1.706007003784179688e+00 3.146629929542541504e-01 -6.189049482345581055e-01
-3.397956132888793945e+00 -2.406517267227172852e+00 -1.466074705123901367e+00 -2.208436727523803711e+00 6.191506385803222656e+00 1.260096549987792969e+00 -2.744097411632537842e-01 8.585424423217773438e-01 -1.473918706178665161e-01 2.663671016693115234e+00
9.836102724075317383e-01 -1.336861729621887207e+00 9.683791160583496094e+00 3.998173773288726807e-01 -3.769725799560546875e+00 -6.925825595855712891e+00 4.799893200397491455e-01 -1.005017757415771484e+00 4.684573173522949219e+00 -4.107843875885009766e+00
-3.395449161529541016e+00 1.078742861747741699e+00 4.591269493103027344e+00 4.183496952056884766e+00 -3.906270980834960938e+00 -3.682033538818359375e+00 -1.146819400787353516e+01 1.278038120269775391e+01 -3.158449530601501465e-01 1.313200965523719788e-02
-1.867814302444458008e+00 -4.665344238281250000e+00 4.542479038238525391e+00 4.853807926177978516e+00 -5.327566146850585938e+00 -2.852189064025878906e+00 -1.489781761169433594e+01 1.629343605041503906e+01 1.456067085266113281e+00 3.329237937927246094e+00
-6.097105503082275391e+00 1.029669952392578125e+01 5.242748260498046875e-01 6.927959918975830078e-01 -1.359057545661926270e+00 -5.745917797088623047e+00 -3.059346914291381836e+00 2.445504903793334961e+00 2.246309280395507812e+00 -1.472235441207885742e+00
3.049800395965576172e+00 -2.146380901336669922e+00 -5.486637949943542480e-01 -1.568389177322387695e+00 -2.568491697311401367e+00 4.157973289489746094e+00 -4.333629906177520752e-01 1.152895689010620117e+00 8.210737109184265137e-01 -1.291729450225830078e+00
-7.650372385978698730e-01 2.412573814392089844e+00 -5.980284810066223145e-01 -4.767823517322540283e-01 -9.034376144409179688e-01 3.768680095672607422e+00 -5.901291221380233765e-02 5.764435529708862305e-01 6.190211772918701172e-01 -4.069880962371826172e+00
-2.380008697509765625e+00 7.160805702209472656e+00 1.323740673065185547e+01 4.304481029510498047e+00 -9.312430381774902344e+00 -8.153627395629882812e+00 -4.404065310955047607e-01 -2.408283233642578125e+00 5.334296703338623047e+00 -8.977844238281250000e+00
-1.923359513282775879e+00 -3.975139558315277100e-01 -3.498838186264038086e+00 6.711021900177001953e+00 -7.742844104766845703e+00 1.434166622161865234e+01 -2.722109794616699219e+00 -6.595329761505126953e+00 1.822006464004516602e+00 1.425896525382995605e+00
-2.458901882171630859e+00 -6.881687164306640625e+00 -5.146864891052246094e+00 2.894813537597656250e+00 3.981713056564331055e+00 -1.457790136337280273e-01 -9.702564239501953125e+00 3.328806400299072266e+00 1.940606832504272461e+00 1.237614727020263672e+01
1.016211795806884766e+01 -9.030493736267089844e+00 2.369421720504760742e+00 3.062930345535278320e+00 -6.073494911193847656e+00 1.890795350074768066e+00 -1.160655021667480469e+00 -4.369858503341674805e-01 9.206436276435852051e-01 -1.109825849533081055e+00
-9.075716018676757812e+00 -2.846061706542968750e+00 -4.404317855834960938e+00 8.774473667144775391e-01 1.319330024719238281e+01 3.540869712829589844e+00 -4.786197185516357422e+00 -1.001745462417602539e+00 2.283835649490356445e+00 3.779844522476196289e+00
-3.994960784912109375e-01 -3.545432090759277344e+00 4.441889762878417969e+00 3.788050413131713867e+00 -6.268506050109863281e+00 -1.567309975624084473e+00 -1.223053741455078125e+01 1.616036605834960938e+01 -2.897290706634521484e+00 4.081068992614746094e+00
-1.557712554931640625e+00 6.110799789428710938e+00 9.383239746093750000e-01 2.713700234889984131e-01 -3.402264833450317383e+00 -7.245759963989257812e-01 3.910462260246276855e-01 -1.999530792236328125e+00 2.272691726684570312e+00 -2.637580633163452148e+00
1.002104640007019043e+00 -4.978206157684326172e+00 1.733861732482910156e+01 3.664537429809570312e+00 2.509433746337890625e+00 -7.499771595001220703e+00 5.249384880065917969e+00 -3.536793708801269531e+00 -2.130522966384887695e+00 -1.207769775390625000e+01
-4.205433368682861328e+00 -3.240460395812988281e+00 -4.769814491271972656e+00 4.835095256567001343e-02 5.028345108032226562e+00 1.626745462417602539e-01 -7.384144783020019531e+00 2.629402399063110352e+00 6.687996983528137207e-01 1.098587131500244141e+01
4.220559120178222656e+00 -1.582549929618835449e+00 4.034599661827087402e-01 -2.840903759002685547e+00 -2.578606605529785156e+00 2.955273628234863281e+00 7.600390434265136719e+00 -5.938142776489257812e+00 1.528777480125427246e+00 -3.152228355407714844e+00
2.435222148895263672e+00 -9.702754974365234375e+00 1.968418836593627930e+00 -2.478846549987792969e+00 2.799808502197265625e+00 -4.452935695648193359e+00 -2.515411615371704102e+00 6.930636167526245117e-01 2.863034725189208984e+00 8.059318542480468750e+00
-3.206593275070190430e+00 -6.157186508178710938e+00 -4.735610961914062500e+00 5.168339252471923828e+00 8.778976798057556152e-01 6.243534088134765625e-01 -1.022072029113769531e+01 1.653333663940429688e+00 4.802597045898437500e+00 1.128791332244873047e+01
3.192881345748901367e+00 -7.012945175170898438e+00 7.950068712234497070e-01 -1.520915389060974121e+00 -1.156311392784118652e+00 2.088657617568969727e-01 -6.962536811828613281e+00 7.797031402587890625e+00 1.498715132474899292e-01 5.217486858367919922e+00
9.453454971313476562e+00 -6.402493476867675781e+00 3.409703016281127930e+00 -1.278837561607360840e+00 -3.533994913101196289e+00 -2.476676464080810547e+00 -3.129344880580902100e-01 8.393920063972473145e-01 -1.922610521316528320e+00 2.412164688110351562e+00
-2.708045005798339844e+00 -6.421854972839355469e+00 -1.350220292806625366e-01 -3.048720121383666992e+00 1.210044002532958984e+01 -3.279679775238037109e+00 -6.962335705757141113e-01 2.879908800125122070e+00 -2.219527721405029297e+00 4.131717205047607422e+00
-6.621389389038085938e+00 9.708462715148925781e+00 -9.147098064422607422e-01 1.299872636795043945e+00 -3.638560473918914795e-01 -3.338900089263916016e+00 -1.112437486648559570e+00 -4.920364022254943848e-01 2.468454360961914062e+00 -1.582042217254638672e+00
3.808373212814331055e-01 -6.698592662811279297e+00 3.397867679595947266e+00 1.129238963127136230e+00 1.870994567871093750e-01 -4.187252521514892578e+00 -5.770974159240722656e+00 3.100469350814819336e+00 2.469856739044189453e+00 5.829637050628662109e+00
1.560296863317489624e-02 -4.167154312133789062e+00 -2.761896133422851562e+00 2.436533451080322266e+00 -4.403995037078857422e+00 1.321244621276855469e+01 -2.190551280975341797e+00 -6.326087951660156250e+00 4.852814197540283203e+00 1.839408576488494873e-01
1.577006435394287109e+01 -7.639090538024902344e+00 3.950323820114135742e+00 -4.389841258525848389e-01 -1.262531089782714844e+01 2.796479225158691406e+00 -2.194797992706298828e+00 2.527437448501586914e+00 -1.510222196578979492e+00 9.955193996429443359e-01
-8.517892837524414062e+00 1.083532428741455078e+01 -6.909475922584533691e-01 2.244308948516845703e+00 -5.364478230476379395e-01 -3.173398017883300781e+00 -2.925595760345458984e+00 9.530712962150573730e-01 1.075229883193969727e+00 -2.652926146984100342e-01
1.306283378601074219e+01 -7.579653263092041016e+00 4.737821102142333984e+00 -2.109714269638061523e+00 -7.869130611419677734e+00 -2.033081054687500000e+00 -1.554820895195007324e+00 8.540777564048767090e-01 -7.395750880241394043e-01 3.800370216369628906e+00
-4.575081348419189453e+00 8.455436229705810547e-01 1.138669610023498535e+00 1.916040611267089844e+01 -9.297807693481445312e+00 6.459977626800537109e+00 -9.860692977905273438e+00 -6.719725608825683594e+00 3.412330389022827148e+00 -4.969495236873626709e-01
-9.656270742416381836e-01 -1.005552864074707031e+01 8.147146701812744141e-01 -5.309077262878417969e+00 1.242819023132324219e+01 3.288991451263427734e+00 1.904952764511108398e+00 -5.896756052970886230e-01 6.085912883281707764e-02 3.369231522083282471e-01
-7.573719978332519531e+00 5.865851402282714844e+00 -3.562522530555725098e-01 2.785397768020629883e+00 -6.365130543708801270e-01 -8.113101720809936523e-01 -2.730189800262451172e+00 -2.876291990280151367e+00 5.789911270141601562e+00 3.255735933780670166e-01
-3.734553337097167969e+00 7.723474502563476562e+00 7.836135029792785645e-01 -5.226321816444396973e-01 -1.118512511253356934e+00 -1.313095569610595703e+00 3.935913145542144775e-01 -2.695167064666748047e-01 9.459421038627624512e-01 -3.180202960968017578e+00
-3.239449262619018555e+00 -3.328500270843505859e+00 -6.493964195251464844e-01 1.110668563842773438e+01 -3.620553016662597656e+00 -6.956714391708374023e-01 -1.149263572692871094e+01 5.552459239959716797e+00 2.325850963592529297e+00 4.435284137725830078e+00
-9.133712768554687500e+00 1.163428497314453125e+01 1.114939600229263306e-01 2.414880275726318359e+00 6.222369074821472168e-01 -4.128427982330322266e+00 -1.108424901962280273e+00 6.449357867240905762e-01 1.131302565336227417e-01 -2.219864845275878906e+00
1.858381032943725586e+00 -3.208616733551025391e+00 -4.365147948265075684e-01 -4.808068752288818359e+00 2.819173097610473633e+00 2.538677692413330078e+00 1.052380752563476562e+01 -5.564891815185546875e+00 7.907163500785827637e-01 -2.637537002563476562e+00
1.531845092773437500e+01 -9.567802429199218750e+00 2.906126737594604492e+00 -5.160936832427978516e+00 -6.445294857025146484e+00 1.594421625137329102e+00 1.349716663360595703e+00 -1.290388822555541992e+00 9.371183514595031738e-01 8.989607095718383789e-01
-8.228687286376953125e+00 9.984232902526855469e+00 -1.623701930046081543e+00 2.003811359405517578e+00 -7.745105624198913574e-01 -1.832480311393737793e+00 -3.216308593750000000e+00 6.543708443641662598e-01 2.517012119293212891e+00 -2.531541287899017334e-01
-2.858959197998046875e+00 -5.489588975906372070e-01 -6.265629768371582031e+00 2.910286426544189453e+00 -2.679755449295043945e+00 1.319149303436279297e+01 2.181667327880859375e+00 -8.576544761657714844e+00 2.924660921096801758e+00 1.612629175186157227e+00
-3.300357341766357422e+00 -5.459699630737304688e+00 -6.621954441070556641e+00 2.837661266326904297e+00 5.605460643768310547e+00 -4.064547419548034668e-01 -1.039112281799316406e+01 5.113644123077392578e+00 6.112866103649139404e-02 1.223873805999755859e+01
-3.064344644546508789e+00 -2.936438083648681641e+00 -7.091571331024169922e+00 1.987758994102478027e+00 2.779054403305053711e+00 1.005648374557495117e+00 -9.775653839111328125e+00 3.024952650070190430e+00 1.912471532821655273e+00 1.185139369964599609e+01
-2.545924901962280273e+00 -3.146071910858154297e+00 9.252057075500488281e+00 3.363917350769042969e+00 1.695020794868469238e+00 -3.515790939331054688e+00 -2.260887145996093750e+00 -6.650873184204101562e+00 2.618033647537231445e+00 1.756797730922698975e-01
-5.095536708831787109e+00 7.966788291931152344e+00 3.131871223449707031e+00 2.703516483306884766e+00 -5.187856674194335938e+00 -5.169876575469970703e+00 -5.217086315155029297e+00 4.717566013336181641e+00 3.046087265014648438e+00 -1.687289714813232422e+00
-1.764689445495605469e+00 7.468698024749755859e+00 1.004974842071533203e+00 5.086358785629272461e-01 -4.257929801940917969e+00 -5.138377666473388672e+00 -1.659882426261901855e+00 1.494051814079284668e-01 5.525913238525390625e+00 -3.413590431213378906e+00
5.263232231140136719e+00 -2.847555398941040039e+00 2.128930807113647461e+00 -1.816273689270019531e+00 -5.486524105072021484e+00 7.122756481170654297e+00 3.066296577453613281e+00 -4.501548290252685547e+00 8.343556523323059082e-01 -2.954524993896484375e+00
-3.893487691879272461e+00 5.256540298461914062e+00 -2.586882114410400391e-01 1.482936501502990723e+00 -4.830019950866699219e+00 -2.359102725982666016e+00 -4.257529735565185547e+00 1.861613988876342773e-02 8.021961212158203125e+00 -1.241261065006256104e-01
-4.701599478721618652e-01 8.886477351188659668e-02 -2.876842260360717773e+00 -1.328096032142639160e+00 -4.033102989196777344e+00 1.328882408142089844e+01 3.624720573425292969e+00 -7.671090126037597656e+00 2.966744661331176758e+00 -2.092808961868286133e+00
1.277129292488098145e+00 -3.424608230590820312e+00 1.161740183830261230e+00 -2.191935062408447266e+00 1.049493670463562012e+00 6.576996445655822754e-01 1.206153011322021484e+01 -4.816898345947265625e+00 1.074521780014038086e+00 -4.914837360382080078e+00
-5.774439334869384766e+00 2.490722179412841797e+00 3.676392078399658203e+00 1.251078796386718750e+01 -5.514463424682617188e+00 1.883896708488464355e+00 -5.013274192810058594e+00 -2.387937307357788086e+00 3.855276584625244141e+00 -5.265103816986083984e+00
3.245257735252380371e-01 -1.361350059509277344e+00 -3.076685190200805664e+00 -6.320902705192565918e-01 -5.219792366027832031e+00 1.296885013580322266e+01 -2.384847640991210938e+00 -1.212771892547607422e+00 2.196008682250976562e+00 -2.414839565753936768e-01
8.835201263427734375e-01 3.869968950748443604e-01 3.221201896667480469e-01 -2.092335700988769531e+00 -1.019153237342834473e+00 3.375631332397460938e+00 8.545372962951660156e+00 -5.055781841278076172e+00 4.670976400375366211e-01 -4.693056106567382812e+00
8.060406446456909180e-01 -2.811709165573120117e+00 8.805807828903198242e-01 -6.209244728088378906e-01 5.712682008743286133e-01 -2.492005228996276855e-01 8.542163848876953125e+00 -3.080791711807250977e+00 9.474281966686248779e-02 -2.888516187667846680e+00
-8.329393863677978516e-01 -5.776299238204956055e-01 -2.610719203948974609e+00 2.005038022994995117e+00 -1.018426299095153809e+00 9.526224136352539062e+00 1.584161221981048584e-01 -2.485474824905395508e+00 8.550686240196228027e-01 -3.789864778518676758e+00
-7.800226211547851562e+00 -3.611076116561889648e+00 -3.808157682418823242e+00 -1.614836573600769043e+00 1.391798686981201172e+01 -8.975746631622314453e-01 -1.046605587005615234e+00 3.258523344993591309e-01 3.275737524032592773e+00 2.782866001129150391e+00
7.859899520874023438e+00 -6.293846130371093750e+00 -7.039825916290283203e-01 1.893402218818664551e+00 -4.259356498718261719e+00 2.823443889617919922e+00 -1.098615288734436035e+00 -2.424698472023010254e-01 -1.097509413957595825e-01 4.613208770751953125e-01
-1.107418179512023926e+00 -5.788936614990234375e-01 -1.389748305082321167e-01 -2.244901359081268311e-01 -6.468275785446166992e-01 -5.235091447830200195e-01 -8.148884773254394531e+00 9.618621826171875000e+00 -2.158569812774658203e+00 4.289573192596435547e+00
-1.962360262870788574e+00 -2.438662290573120117e+00 -7.245995521545410156e+00 4.852206230163574219e+00 -6.507599830627441406e+00 1.618194580078125000e+01 3.919847726821899414e+00 -1.167086887359619141e+01 5.829477787017822266e+00 1.882486581802368164e+00
4.109819412231445312e+00 -8.176545143127441406e+00 2.091025352478027344e+00 -4.856553077697753906e+00 5.644831657409667969e+00 -3.273277282714843750e+00 1.116929531097412109e+01 -3.731475114822387695e+00 5.268165469169616699e-01 -2.179184436798095703e+00
-5.843059062957763672e+00 3.284256935119628906e+00 8.429594039916992188e+00 1.862450599670410156e+01 -1.140827751159667969e+01 3.187421560287475586e-01 -9.391971588134765625e+00 -2.321635484695434570e+00 4.128942012786865234e+00 -6.279566287994384766e+00
-3.014666736125946045e-01 -1.923753917217254639e-01 1.400400352478027344e+01 3.147289991378784180e+00 -4.116425991058349609e+00 -5.524903774261474609e+00 -4.668364226818084717e-01 -8.061617016792297363e-01 7.417567968368530273e-01 -7.579267501831054688e+00
-3.907253980636596680e+00 -2.014116764068603516e+00 -5.339205741882324219e+00 1.947659850120544434e+00 3.739322423934936523e+00 -1.806661248207092285e+00 -6.373038768768310547e+00 2.168899536132812500e+00 2.753816246986389160e-01 1.084525775909423828e+01
-5.840169906616210938e+00 2.922955989837646484e+00 4.198509216308593750e+00 1.129395484924316406e+01 -5.256993293762207031e+00 2.151358127593994141e-01 -7.032055854797363281e+00 8.949545621871948242e-01 2.087857007980346680e+00 -3.131533622741699219e+00
-4.811542034149169922e+00 -1.967126429080963135e-01 -6.032860279083251953e+00 1.136056303977966309e+00 1.921074092388153076e-01 1.533476734161376953e+01 4.800119400024414062e+00 -1.030494022369384766e+01 2.539211034774780273e+00 -8.434715867042541504e-02
1.242634296417236328e+00 -1.461811661720275879e+00 1.522218704223632812e+00 -1.564561486244201660e+00 2.370413541793823242e+00 6.848085522651672363e-01 8.805684089660644531e+00 -3.452893495559692383e+00 -2.135271310806274414e+00 -4.709557056427001953e+00
-6.321512222290039062e+00 -1.294555306434631348e+00 -4.601794242858886719e+00 2.212389707565307617e+00 4.006703853607177734e+00 -3.334628105163574219e+00 -7.174193859100341797e+00 4.864910125732421875e+00 3.384803056716918945e+00 8.121755599975585938e+00
-2.030736207962036133e+00 1.924788475036621094e+00 1.846214294433593750e+00 9.406639337539672852e-01 -1.527481436729431152e+00 -1.635245203971862793e+00 -5.499300956726074219e+00 5.301111221313476562e+00 1.770451515913009644e-01 2.637785375118255615e-01
-6.458480834960937500e+00 9.071312904357910156e+00 1.731136322021484375e+01 7.613294124603271484e+00 -1.008081626892089844e+01 -2.951096057891845703e+00 -1.490896463394165039e+00 -4.092439651489257812e+00 4.065883159637451172e+00 -1.379035663604736328e+01
-2.637534141540527344e+00 -5.621496200561523438e+00 1.113183379173278809e+00 4.175484180450439453e+00 -3.837531089782714844e+00 1.608369946479797363e-01 -9.766630530357360840e-01 -3.504054784774780273e+00 1.416857624053955078e+01 -1.794213533401489258e+00
-3.107558488845825195e+00 4.412174522876739502e-01 3.466032743453979492e+00 3.556977033615112305e+00 -4.778462409973144531e+00 -2.139636039733886719e+00 -8.933160781860351562e+00 1.101385974884033203e+01 -1.839237213134765625e+00 3.102829933166503906e+00
1.326507687568664551e+00 -1.313705325126647949e+00 1.625531435012817383e+00 -2.171797752380371094e+00 1.180492997169494629e+00 1.915238738059997559e+00 7.954223632812500000e+00 -3.338432073593139648e+00 -4.571308493614196777e-01 -5.476346492767333984e+00
-3.292431831359863281e+00 -2.025418281555175781e+00 -9.800122976303100586e-01 3.209338188171386719e+00 -5.576699376106262207e-01 -1.839390158653259277e+00 -1.240561580657958984e+01 1.257128047943115234e+01 1.015288829803466797e+00 4.122250080108642578e+00
-3.836455821990966797e+00 -6.130292892456054688e+00 -6.706320762634277344e+00 2.274985790252685547e+00 5.050595283508300781e+00 -1.757365465164184570e-01 -1.164257240295410156e+01 5.679437160491943359e+00 2.443523406982421875e+00 1.333939361572265625e+01
1.028431224822998047e+01 -5.624088764190673828e+00 1.230472445487976074e+00 -8.317911028861999512e-01 -6.137482643127441406e+00 3.192403793334960938e+00 5.048420429229736328e-01 -2.400630712509155273e-01 -1.510043501853942871e+00 -2.373630106449127197e-01
-1.837995290756225586e+00 -3.104791164398193359e+00 4.275745391845703125e+00 3.826687574386596680e+00 -2.660419702529907227e+00 -6.268768310546875000e+00 -8.487751960754394531e+00 1.037536334991455078e+01 -1.735754609107971191e+00 5.448150634765625000e+00
-1.799369692802429199e+00 -1.116902947425842285e+00 -4.812061309814453125e+00 3.721723556518554688e+00 -3.964217424392700195e+00 1.057758998870849609e+01 5.118266940116882324e-01 -5.018761157989501953e+00 4.219558835029602051e-01 2.963914632797241211e+00
-5.430718898773193359e+00 -1.709993720054626465e+00 -2.706043958663940430e+00 -9.016251564025878906e-01 8.469419479370117188e+00 -3.114537715911865234e+00 -5.138503074645996094e+00 1.964274883270263672e+00 2.942429065704345703e+00 5.302953243255615234e+00
-2.929547548294067383e+00 -2.178969621658325195e+00 -4.359103202819824219e+00 2.463667392730712891e+00 8.618671298027038574e-01 1.019119739532470703e+01 2.184830665588378906e+00 -6.177848339080810547e+00 3.766939163208007812e+00 -1.584416151046752930e+00
-3.819361925125122070e+00 7.820987224578857422e+00 1.233801555633544922e+01 2.512894392013549805e+00 -7.420305252075195312e+00 -4.492852210998535156e+00 7.277333736419677734e-01 -3.325279355049133301e-01 2.372211933135986328e+00 -1.036460399627685547e+01
-6.908718109130859375e+00 -4.759408473968505859e+00 -6.219935894012451172e+00 -1.016983151435852051e+00 1.152998638153076172e+01 -2.252383232116699219e+00 -7.699042797088623047e+00 3.262423276901245117e+00 4.150416851043701172e+00 1.023958301544189453e+01
1.683332085609436035e+00 -1.837869167327880859e+00 3.491999506950378418e-01 -2.252841949462890625e+00 1.437958598136901855e+00 2.379840850830078125e+00 1.213892936706542969e+01 -7.400783538818359375e+00 -1.499490886926651001e-01 -4.738613128662109375e+00
