1.631787233054637909e-02
3.637820482254028320e-03
-1.042013987898826599e-02
-3.938266634941101074e-02
-1.648128032684326172e-02
3.331650048494338989e-02
-3.067902475595474243e-02
-1.895683631300926208e-02
-2.998175099492073059e-03
-1.613478735089302063e-02
-1.522427890449762344e-02
3.112215176224708557e-02
-1.365153118968009949e-02
1.475095283240079880e-02
2.323894947767257690e-02
2.378761582076549530e-02
-2.287266217172145844e-02
3.382586315274238586e-02
-3.144329041242599487e-02
3.867545351386070251e-02
-4.850812256336212158e-03
2.565569244325160980e-02
2.595393173396587372e-02
-2.378213964402675629e-02
-2.991678938269615173e-02
2.769923582673072815e-02
3.167756274342536926e-02
3.366683796048164368e-02
2.967353537678718567e-02
-8.139877580106258392e-03
-9.388063102960586548e-03
1.671558618545532227e-02
1.297788787633180618e-02
8.298998698592185974e-03
1.492528151720762253e-02
1.450693886727094650e-02
1.640089228749275208e-02
-3.533768653869628906e-02
-2.304861694574356079e-02
-2.658314630389213562e-02
-2.807839959859848022e-02
-1.260339934378862381e-02
1.207108958624303341e-03
-2.490270417183637619e-03
3.921462222933769226e-02
1.138984598219394684e-02
1.307164784520864487e-03
1.607100479304790497e-02
-2.635550498962402344e-02
-1.273991446942090988e-02
3.004972822964191437e-02
1.963668270036578178e-03
2.351151406764984131e-02
-2.913581393659114838e-02
1.514971023425459862e-03
7.810760755091905594e-03
-7.552240043878555298e-03
1.113455928862094879e-02
6.799676921218633652e-03
3.096843510866165161e-02
3.897028788924217224e-02
-1.673964899964630604e-03
1.917209825478494167e-03
-1.376837864518165588e-02
4.691738635301589966e-02
-2.145460806787014008e-02
-5.012948997318744659e-03
-1.770152524113655090e-02
-3.552366048097610474e-03
-3.317741677165031433e-02
3.078526630997657776e-02
-1.963388361036777496e-02
-2.530963532626628876e-02
-5.359838716685771942e-03
2.498774603009223938e-02
2.331443876028060913e-02
-6.115559488534927368e-03
3.932151943445205688e-02
1.377543434500694275e-02
3.735853359103202820e-02
-1.645303680561482906e-03
4.609164781868457794e-03
2.455090545117855072e-02
2.476415783166885376e-02
-2.047203667461872101e-02
-3.822626918554306030e-02
-1.006280165165662766e-02
1.637981645762920380e-02
-6.676601245999336243e-03
2.439704351127147675e-02
1.433926913887262344e-02
2.722252905368804932e-02
3.329354152083396912e-02
2.752786315977573395e-02
-3.051708452403545380e-02
-1.690842327661812305e-03
-6.605663802474737167e-04
-1.106329821050167084e-02
-2.901299484074115753e-02
-1.927961967885494232e-02
1.625716872513294220e-02
-2.811444737017154694e-02
1.011880300939083099e-02
-4.496643785387277603e-03
-2.053228765726089478e-02
-5.323750665411353111e-04
-2.366424538195133209e-02
-3.552699089050292969e-02
-1.944590173661708832e-02
3.530042013153433800e-03
-2.246808260679244995e-02
2.654362469911575317e-02
-2.479499951004981995e-02
1.623277366161346436e-02
-5.297935102134943008e-03
7.293362636119127274e-03
2.622917480766773224e-02
6.118835881352424622e-03
-9.897616691887378693e-03
1.370378304272890091e-02
-2.368126623332500458e-02
1.818694919347763062e-02
1.246008556336164474e-02
5.406134296208620071e-04
1.729771494865417480e-02
2.077855728566646576e-02
1.077282708138227463e-02
1.276360359042882919e-02
-2.409057505428791046e-02
-6.879111751914024353e-03
-3.471218794584274292e-02
1.510857138782739639e-02
-2.438058145344257355e-02
-6.235694978386163712e-03
1.687812060117721558e-02
2.774213440716266632e-02
2.905291318893432617e-02
9.969149716198444366e-03
7.148428820073604584e-03
2.848350070416927338e-02
-5.835020449012517929e-03
2.364160306751728058e-02
-1.004342362284660339e-02
-1.130526186898350716e-03
-2.053728885948657990e-02
3.097662515938282013e-02
3.578194230794906616e-02
-1.885034330189228058e-02
2.916321903467178345e-02
4.140397650189697742e-04
1.672540418803691864e-02
3.326831758022308350e-02
3.925012797117233276e-02
2.995152585208415985e-02
9.665693156421184540e-03
-3.392622247338294983e-02
3.213862329721450806e-02
7.056717295199632645e-03
2.798380143940448761e-02
-8.929493837058544159e-03
-1.092158164829015732e-02
1.512899156659841537e-02
1.505284104496240616e-02
2.998875640332698822e-02
8.044725283980369568e-03
-1.824338175356388092e-02
-4.578606691211462021e-03
-2.723075076937675476e-02
-2.829131856560707092e-02
3.383070230484008789e-02
-2.163301780819892883e-02
2.819335088133811951e-02
-1.200658921152353287e-02
5.706280935555696487e-03
1.806101016700267792e-02
9.632945060729980469e-03
-7.976610213518142700e-03
-1.218035910278558731e-02
1.629693806171417236e-02
-3.380808513611555099e-03
4.006573185324668884e-02
3.065563365817070007e-02
-1.663066796027123928e-03
-1.176341064274311066e-02
-2.640938013792037964e-02
-1.047231350094079971e-02
-2.413213253021240234e-02
3.121899068355560303e-02
-2.880530431866645813e-02
-2.326885471120476723e-03
1.893224939703941345e-02
-2.286284230649471283e-02
3.182265907526016235e-02
2.237303741276264191e-02
2.751328051090240479e-02
2.277424000203609467e-02
3.838653443381190300e-03
-2.209467813372612000e-02
-1.718947291374206543e-02
1.497477479279041290e-02
5.532687064260244370e-03
-1.904910244047641754e-02
-3.477857261896133423e-02
2.176845818758010864e-02
3.246837109327316284e-02
-1.949194632470607758e-02
1.635565538890659809e-03
-2.540824562311172485e-02
3.429967164993286133e-02
-2.046926692128181458e-02
2.734552137553691864e-02
-3.134117648005485535e-02
3.252927586436271667e-02
1.604661461897194386e-03
1.208321191370487213e-03
-3.321763500571250916e-02
-4.569430369883775711e-03
2.864265581592917442e-03
2.434271201491355896e-02
9.966586716473102570e-03
-1.797144184820353985e-03
-5.941833369433879852e-03
2.392383478581905365e-02
-2.318856120109558105e-02
2.061089035123586655e-03
-2.897451445460319519e-02
1.133117359131574631e-02
3.107443638145923615e-02
-4.550469107925891876e-03
-3.651285544037818909e-02
-1.926502585411071777e-02
1.877924427390098572e-02
-3.155207633972167969e-02
-1.502523757517337799e-02
1.908923313021659851e-02
2.352295070886611938e-02
-9.258715435862541199e-03
2.239837870001792908e-02
3.320412710309028625e-02
1.357023231685161591e-02
1.149084605276584625e-02
1.936224102973937988e-02
-3.678745031356811523e-02
-5.161660257726907730e-03
-1.814490370452404022e-02
6.724558188579976559e-04
2.336177602410316467e-02
1.191907655447721481e-02
2.065262570977210999e-02
2.289121039211750031e-02
-1.010518427938222885e-02
-2.850090526044368744e-02
-5.117267835885286331e-03
3.566098213195800781e-02
-3.152767568826675415e-02
-3.573174029588699341e-02
3.135936707258224487e-02
2.215289697051048279e-02
-2.662367746233940125e-02
-1.069463882595300674e-02
3.119982313364744186e-03
-9.742849506437778473e-03
-2.648154459893703461e-02
-1.254558376967906952e-02
1.120430417358875275e-02
1.552358455955982208e-02
-2.858191542327404022e-02
-2.690315991640090942e-02
2.286793105304241180e-02
-1.990466564893722534e-02
-3.614053875207901001e-02
2.969902008771896362e-02
-2.200798317790031433e-02
-2.086235396564006805e-02
-1.888754591345787048e-02
9.541785344481468201e-03
-2.622294984757900238e-02
1.971289515495300293e-02
6.621122360229492188e-03
4.352114349603652954e-02
-3.946683555841445923e-02
1.634004712104797363e-02
1.017032098025083542e-02
-1.705742627382278442e-02
-1.644551940262317657e-02
-3.539589047431945801e-02
1.068760268390178680e-02
3.255433589220046997e-02
3.508329391479492188e-02
3.449767455458641052e-02
2.878107363358139992e-03
2.610737225040793419e-03
-1.724235527217388153e-02
4.177256301045417786e-02
-2.902008965611457825e-02
-6.333562079817056656e-03
-1.043616700917482376e-02
1.216278318315744400e-02
5.882199853658676147e-03
2.477933093905448914e-02
1.442455966025590897e-02
-2.434783056378364563e-02
2.663432154804468155e-03
5.606018938124179840e-03
1.753608137369155884e-02
-4.935403820127248764e-03
-1.275155041366815567e-02
2.050382085144519806e-02
2.763700485229492188e-02
-1.501493249088525772e-02
3.276590257883071899e-02
1.324428152292966843e-02
-7.725770585238933563e-03
-4.139067896176129580e-04
4.530196078121662140e-03
-3.769280388951301575e-03
1.437240466475486755e-02
3.606139123439788818e-02
-4.953979048877954483e-03
-2.022269181907176971e-02
1.708137989044189453e-02
-6.744700949639081955e-03
-2.169506065547466278e-02
1.949026435613632202e-02
4.833001585211604834e-04
-3.684854833409190178e-03
-2.134541049599647522e-02
-1.444136258214712143e-02
2.997446060180664062e-02
1.707503944635391235e-02
7.682693540118634701e-04
-5.796594778075814247e-04
3.121084999293088913e-03
1.767606846988201141e-02
-2.550067938864231110e-02
1.299846079200506210e-02
3.541789250448346138e-03
1.205705478787422180e-02
2.651649527251720428e-02
4.179484397172927856e-02
2.861716039478778839e-02
4.938892554491758347e-03
6.312565878033638000e-03
1.386211346834897995e-02
2.074521593749523163e-02
6.791829131543636322e-03
-4.687626205850392580e-04
2.268252521753311157e-02
-2.065225690603256226e-02
1.013980247080326080e-02
-2.065155468881130219e-02
2.450788393616676331e-03
5.326744867488741875e-04
1.901215128600597382e-02
-2.572263032197952271e-02
1.269961241632699966e-02
2.345076203346252441e-02
-2.496714890003204346e-02
-6.741955410689115524e-03
-7.902277633547782898e-03
-2.306897751986980438e-02
4.248861805535852909e-04
-3.012326173484325409e-02
2.320295944809913635e-02
4.386258497834205627e-02
3.485701605677604675e-02
-1.873894035816192627e-02
3.868649154901504517e-02
4.944937536492943764e-04
-1.025750581175088882e-02
1.921790093183517456e-02
-2.722899802029132843e-02
2.196080610156059265e-02
-2.480379864573478699e-02
6.897680927067995071e-03
8.614147081971168518e-03
3.040149807929992676e-02
1.647912710905075073e-02
7.892291061580181122e-03
1.819588430225849152e-02
-2.150993794202804565e-02
2.472572727128863335e-03
2.926509361714124680e-03
-2.538858726620674133e-02
-3.374399384483695030e-03
2.942794002592563629e-02
-1.010680664330720901e-02
-2.817091159522533417e-02
-3.512584418058395386e-02
2.572853676974773407e-02
-2.466240152716636658e-02
-1.013760105706751347e-03
-6.141508929431438446e-03
-2.420051954686641693e-02
-2.027154527604579926e-02
1.284441258758306503e-02
2.231954596936702728e-03
-3.483758866786956787e-02
-3.678265260532498360e-03
-1.921191252768039703e-02
3.446504240855574608e-03
2.753667347133159637e-02
1.114715589210391045e-03
-2.148831635713577271e-02
-1.901207119226455688e-02
-3.306424245238304138e-02
2.626253105700016022e-02
1.726697199046611786e-02
1.148037798702716827e-02
2.397837815806269646e-03
-1.116197090595960617e-02
-2.612631022930145264e-02
1.123413071036338806e-02
6.586704868823289871e-03
1.170042529702186584e-02
9.952319785952568054e-03
-2.962145768105983734e-02
-7.231047376990318298e-03
-2.651797048747539520e-02
1.256977673619985580e-02
-1.413946738466620445e-04
-2.781997062265872955e-02
1.812265813350677490e-02
-1.075507979840040207e-02
7.956052199006080627e-03
1.480682846158742905e-02
8.599124848842620850e-04
-3.943116962909698486e-02
3.436656296253204346e-02
3.250381723046302795e-02
-2.977130189538002014e-02
2.170317992568016052e-02
2.868020161986351013e-02
3.269308805465698242e-02
1.687631383538246155e-02
-1.341900788247585297e-02
4.633094649761915207e-03
-2.612726390361785889e-02
3.446907922625541687e-02
-3.169448673725128174e-02
-2.483475022017955780e-02
-6.862108130007982254e-03
-1.647680997848510742e-02
2.787478826940059662e-02
6.460434757173061371e-03
-1.680994778871536255e-02
8.046400733292102814e-03
-1.579200848937034607e-02
7.108971942216157913e-03
2.181016281247138977e-02
2.175120078027248383e-02
1.728277839720249176e-02
4.513906314969062805e-03
3.154693171381950378e-02
2.085241489112377167e-02
-1.260408945381641388e-02
-2.802545391023159027e-02
-2.538444660604000092e-02
4.419689998030662537e-02
-1.229699142277240753e-02
8.958210237324237823e-03
1.953152567148208618e-02
3.385976329445838928e-02
4.666097927838563919e-03
3.274461999535560608e-02
4.049540031701326370e-03
2.040638960897922516e-02
2.769890241324901581e-02
9.702256880700588226e-03
-3.337792679667472839e-02
-3.145835921168327332e-02
1.745122857391834259e-02
5.182906053960323334e-03
-1.908199302852153778e-02
1.775433123111724854e-02
-1.004805881530046463e-02
3.035642951726913452e-02
3.111370652914047241e-02
-4.034668579697608948e-02
1.088333781808614731e-03
3.334064409136772156e-02
-3.424099460244178772e-02
2.787146344780921936e-02
3.040902875363826752e-02
2.103247866034507751e-02
5.497864447534084320e-03
-1.862774789333343506e-02
-1.819186843931674957e-02
1.126103848218917847e-02
-3.272211924195289612e-02
-2.663103863596916199e-03
-8.743636310100555420e-03
-2.499325945973396301e-02
-1.298560667783021927e-02
8.727717213332653046e-04
4.230746068060398102e-03
-2.516596950590610504e-02
1.567311584949493408e-02
-3.636867739260196686e-03
-3.988157492130994797e-03
