3.431260702200233936e-04
4.709242377430200577e-03
1.547769606113433838e-01
-2.102272361516952515e-01
-4.534192383289337158e-02
4.594049882143735886e-03
2.297145277261734009e-01
1.470180749893188477e-01
2.290158569812774658e-01
2.401135861873626709e-02
5.252790870144963264e-04
1.465565413236618042e-01
1.444621942937374115e-02
2.505518309772014618e-02
-9.316981583833694458e-02
7.966122357174754143e-04
5.689235404133796692e-02
5.484436824917793274e-02
3.266808390617370605e-01
1.885946840047836304e-04
