-5.076654255390167236e-02
6.691873073577880859e-02
-4.700328572653234005e-04
-7.680058944970369339e-03
2.657435461878776550e-02
-3.735202550888061523e-02
-4.702024534344673157e-02
4.069684073328971863e-02
1.824556477367877960e-02
-3.372116386890411377e-02
4.091542959213256836e-02
-3.271987661719322205e-02
-4.274674132466316223e-02
3.204516321420669556e-02
-4.932078346610069275e-02
-5.202744621783494949e-03
7.124622818082571030e-03
-8.213119953870773315e-02
2.713290974497795105e-02
5.790627561509609222e-03
-2.355531789362430573e-03
1.421802863478660583e-02
-4.558617994189262390e-02
-8.585611358284950256e-03
-3.506432473659515381e-02
-3.462327271699905396e-02
2.761122770607471466e-03
8.084481954574584961e-02
-5.235455930233001709e-03
3.814262896776199341e-02
-3.949696198105812073e-02
3.374397382140159607e-02
-2.876932732760906219e-02
-7.290773838758468628e-02
-6.301345676183700562e-02
2.000338397920131683e-02
1.334066409617662430e-02
-1.133552519604563713e-03
-2.318387664854526520e-02
2.270788536407053471e-04
4.631640017032623291e-02
1.977499946951866150e-02
-1.381309516727924347e-02
1.580152660608291626e-02
2.074825949966907501e-02
-2.744393981993198395e-02
-6.992015056312084198e-03
1.976736588403582573e-03
-3.210287541151046753e-02
-1.260117255151271820e-02
