0.000000000000000000e+00 4.629103660583496094e+00 5.681550502777099609e+00 2.682094097137451172e+00 0.000000000000000000e+00 0.000000000000000000e+00 0.000000000000000000e+00 1.243385696411132812e+01 2.224384307861328125e+00 2.891887187957763672e+00
1.835079383850097656e+01 0.000000000000000000e+00 1.884964585304260254e+00 0.000000000000000000e+00 8.136307001113891602e-01 1.060440897941589355e+00 5.935397148132324219e+00 0.000000000000000000e+00 2.669101715087890625e+00 3.760222911834716797e+00
0.000000000000000000e+00 1.267947196960449219e+01 1.018051147460937500e+00 0.000000000000000000e+00 1.955399751663208008e+00 0.000000000000000000e+00 0.000000000000000000e+00 3.724727630615234375e+00 2.723883867263793945e+00 0.000000000000000000e+00
0.000000000000000000e+00 2.898811578750610352e+00 3.981866121292114258e+00 0.000000000000000000e+00 2.032032585144042969e+01 3.007562160491943359e-01 1.149662733078002930e+00 4.540625095367431641e+00 0.000000000000000000e+00 3.210888624191284180e+00
0.000000000000000000e+00 0.000000000000000000e+00 0.000000000000000000e+00 0.000000000000000000e+00 1.583834409713745117e+00 1.240623569488525391e+01 1.526840686798095703e+01 0.000000000000000000e+00 7.872397899627685547e+00 9.887626767158508301e-01
0.000000000000000000e+00 3.716714978218078613e-01 4.804228782653808594e+00 2.549033927917480469e+01 0.000000000000000000e+00 4.779721260070800781e+00 0.000000000000000000e+00 3.255810022354125977e+00 1.016214466094970703e+01 4.570767402648925781e+00
0.000000000000000000e+00 1.748914599418640137e+00 2.133686542510986328e+00 2.643305397033691406e+01 0.000000000000000000e+00 5.078616142272949219e+00 0.000000000000000000e+00 3.859104633331298828e+00 9.525234222412109375e+00 1.038366127014160156e+01
0.000000000000000000e+00 1.402164459228515625e+01 0.000000000000000000e+00 0.000000000000000000e+00 2.002145051956176758e+00 0.000000000000000000e+00 0.000000000000000000e+00 7.513391971588134766e+00 5.460253715515136719e+00 4.078866481781005859e+00
0.000000000000000000e+00 5.611037254333496094e+00 0.000000000000000000e+00 0.000000000000000000e+00 2.355632972717285156e+01 0.000000000000000000e+00 4.852284431457519531e+00 4.025620460510253906e+00 1.781650543212890625e+00 3.780948877334594727e+00
0.000000000000000000e+00 6.120847463607788086e-01 0.000000000000000000e+00 5.295176506042480469e+00 0.000000000000000000e+00 2.233452796936035156e+00 0.000000000000000000e+00 1.974436950683593750e+01 1.176754355430603027e+00 1.133302021026611328e+01
2.305850601196289062e+01 0.000000000000000000e+00 5.959401130676269531e+00 0.000000000000000000e+00 0.000000000000000000e+00 0.000000000000000000e+00 7.168418884277343750e+00 0.000000000000000000e+00 1.105387210845947266e+00 6.545767784118652344e+00
0.000000000000000000e+00 2.934113979339599609e+00 0.000000000000000000e+00 0.000000000000000000e+00 2.235025596618652344e+01 3.611397743225097656e+00 2.309863567352294922e+00 5.556925773620605469e+00 1.627003192901611328e+00 1.269243431091308594e+01
3.065189838409423828e+00 2.472949266433715820e+00 1.345441627502441406e+01 2.290815114974975586e+00 0.000000000000000000e+00 0.000000000000000000e+00 0.000000000000000000e+00 5.186610221862792969e+00 1.714597105979919434e+00 0.000000000000000000e+00
1.081192374229431152e+00 0.000000000000000000e+00 4.904289245605468750e+00 8.729231834411621094e+00 0.000000000000000000e+00 0.000000000000000000e+00 0.000000000000000000e+00 0.000000000000000000e+00 1.806356239318847656e+01 4.246407508850097656e+00
0.000000000000000000e+00 9.079436063766479492e-01 0.000000000000000000e+00 0.000000000000000000e+00 2.345989227294921875e+01 0.000000000000000000e+00 4.392851591110229492e-01 5.285088062286376953e+00 0.000000000000000000e+00 6.491074085235595703e+00
0.000000000000000000e+00 3.268508315086364746e-01 0.000000000000000000e+00 1.051364517211914062e+01 7.170237064361572266e+00 1.394775581359863281e+01 4.346578598022460938e+00 0.000000000000000000e+00 8.532870292663574219e+00 2.155764579772949219e+00
0.000000000000000000e+00 0.000000000000000000e+00 0.000000000000000000e+00 2.237968683242797852e+00 3.483874320983886719e+00 6.592535495758056641e+00 0.000000000000000000e+00 2.299750089645385742e+00 3.357903242111206055e+00 1.599373626708984375e+01
2.210012245178222656e+01 0.000000000000000000e+00 7.327721595764160156e+00 0.000000000000000000e+00 0.000000000000000000e+00 0.000000000000000000e+00 5.929755687713623047e+00 0.000000000000000000e+00 0.000000000000000000e+00 5.077882289886474609e+00
0.000000000000000000e+00 0.000000000000000000e+00 4.773715019226074219e+00 2.412360572814941406e+01 0.000000000000000000e+00 6.149862766265869141e+00 0.000000000000000000e+00 3.704905033111572266e+00 9.292417526245117188e+00 5.822951316833496094e+00
0.000000000000000000e+00 1.711302185058593750e+01 0.000000000000000000e+00 0.000000000000000000e+00 4.443100452423095703e+00 0.000000000000000000e+00 0.000000000000000000e+00 3.084746360778808594e+00 3.232261180877685547e+00 0.000000000000000000e+00
1.401174068450927734e+01 0.000000000000000000e+00 0.000000000000000000e+00 0.000000000000000000e+00 9.711685180664062500e+00 0.000000000000000000e+00 5.112499237060546875e+00 0.000000000000000000e+00 0.000000000000000000e+00 6.604537010192871094e+00
0.000000000000000000e+00 0.000000000000000000e+00 0.000000000000000000e+00 1.063935661315917969e+01 0.000000000000000000e+00 1.926536369323730469e+01 2.750487327575683594e+00 0.000000000000000000e+00 5.940739154815673828e+00 2.870724201202392578e+00
0.000000000000000000e+00 3.022919178009033203e+00 1.687429618835449219e+01 6.622272968292236328e+00 2.003349781036376953e+00 6.845997571945190430e-01 0.000000000000000000e+00 6.258406639099121094e+00 1.144425034523010254e+00 0.000000000000000000e+00
4.402741909027099609e+00 0.000000000000000000e+00 1.463762664794921875e+01 6.209259986877441406e+00 0.000000000000000000e+00 0.000000000000000000e+00 0.000000000000000000e+00 4.784195899963378906e+00 5.773292541503906250e+00 0.000000000000000000e+00
1.302553057670593262e+00 7.319476127624511719e+00 1.843506622314453125e+01 4.543628692626953125e+00 0.000000000000000000e+00 0.000000000000000000e+00 0.000000000000000000e+00 0.000000000000000000e+00 7.134606361389160156e+00 0.000000000000000000e+00
0.000000000000000000e+00 0.000000000000000000e+00 0.000000000000000000e+00 4.672520160675048828e-01 1.033541870117187500e+01 4.841137886047363281e+00 0.000000000000000000e+00 8.610214233398437500e+00 4.468869686126708984e+00 1.445548629760742188e+01
0.000000000000000000e+00 8.688582181930541992e-01 6.182334899902343750e+00 3.057140350341796875e+00 0.000000000000000000e+00 0.000000000000000000e+00 0.000000000000000000e+00 0.000000000000000000e+00 1.772264099121093750e+01 2.651100158691406250e+00
0.000000000000000000e+00 0.000000000000000000e+00 0.000000000000000000e+00 1.178252410888671875e+01 0.000000000000000000e+00 2.181217002868652344e+01 2.109906435012817383e+00 0.000000000000000000e+00 4.775386333465576172e+00 7.326768398284912109e+00
0.000000000000000000e+00 0.000000000000000000e+00 3.832581043243408203e+00 7.174379348754882812e+00 0.000000000000000000e+00 7.654825448989868164e-01 0.000000000000000000e+00 0.000000000000000000e+00 2.377785873413085938e+01 3.558394908905029297e+00
0.000000000000000000e+00 4.805454730987548828e+00 1.087926292419433594e+01 9.531852722167968750e+00 0.000000000000000000e+00 0.000000000000000000e+00 0.000000000000000000e+00 1.997148323059082031e+01 1.392142057418823242e+00 0.000000000000000000e+00
0.000000000000000000e+00 0.000000000000000000e+00 0.000000000000000000e+00 2.194200897216796875e+01 0.000000000000000000e+00 9.482423782348632812e+00 0.000000000000000000e+00 5.541503906250000000e+00 7.623120307922363281e+00 1.825191020965576172e+00
1.949229812622070312e+01 0.000000000000000000e+00 3.537799835205078125e+00 0.000000000000000000e+00 0.000000000000000000e+00 1.652842283248901367e+00 8.962298393249511719e+00 0.000000000000000000e+00 6.075780868530273438e+00 5.012650012969970703e+00
0.000000000000000000e+00 0.000000000000000000e+00 0.000000000000000000e+00 4.419851303100585938e+00 0.000000000000000000e+00 9.256499290466308594e+00 0.000000000000000000e+00 1.640448331832885742e+00 5.650437355041503906e+00 7.521834373474121094e+00
0.000000000000000000e+00 1.058429360389709473e+00 3.013388872146606445e+00 5.875902175903320312e+00 0.000000000000000000e+00 1.541367769241333008e+00 0.000000000000000000e+00 1.493745899200439453e+01 3.060501575469970703e+00 9.627546310424804688e+00
1.889293479919433594e+01 5.004884004592895508e-01 5.484183788299560547e+00 0.000000000000000000e+00 0.000000000000000000e+00 2.437105417251586914e+00 6.839356422424316406e+00 0.000000000000000000e+00 8.289951086044311523e-01 4.414440631866455078e+00
1.238256168365478516e+01 0.000000000000000000e+00 2.673044919967651367e+00 1.664817571640014648e+00 0.000000000000000000e+00 0.000000000000000000e+00 1.629569292068481445e+00 0.000000000000000000e+00 3.105289459228515625e+00 6.546814918518066406e+00
1.717235565185546875e+00 1.433169078826904297e+01 1.336045074462890625e+01 4.394904136657714844e+00 0.000000000000000000e+00 0.000000000000000000e+00 0.000000000000000000e+00 3.391985893249511719e+00 3.521272897720336914e+00 0.000000000000000000e+00
0.000000000000000000e+00 6.238692283630371094e+00 4.759037494659423828e-01 6.051967620849609375e+00 0.000000000000000000e+00 0.000000000000000000e+00 0.000000000000000000e+00 1.413480758666992188e+01 2.819509267807006836e+00 5.413109779357910156e+00
0.000000000000000000e+00 1.212810134887695312e+01 0.000000000000000000e+00 0.000000000000000000e+00 3.587377309799194336e+00 0.000000000000000000e+00 0.000000000000000000e+00 2.561025619506835938e+00 2.348510026931762695e+00 7.985942363739013672e-01
0.000000000000000000e+00 0.000000000000000000e+00 0.000000000000000000e+00 4.398478984832763672e+00 7.825704574584960938e+00 9.777410030364990234e-01 0.000000000000000000e+00 9.561536788940429688e+00 4.047296524047851562e+00 1.724381637573242188e+01
1.158866763114929199e+00 1.318155479431152344e+01 2.341979026794433594e+00 0.000000000000000000e+00 4.640549659729003906e+00 0.000000000000000000e+00 0.000000000000000000e+00 3.392354726791381836e+00 2.717544555664062500e+00 0.000000000000000000e+00
0.000000000000000000e+00 6.698982119560241699e-01 7.948882579803466797e+00 2.645499801635742188e+01 0.000000000000000000e+00 4.660237312316894531e+00 0.000000000000000000e+00 8.233386993408203125e+00 1.085012149810791016e+01 2.422227859497070312e+00
2.072427749633789062e+01 8.094654679298400879e-01 7.144520759582519531e+00 0.000000000000000000e+00 0.000000000000000000e+00 4.319972395896911621e-01 4.480762004852294922e+00 0.000000000000000000e+00 1.466401815414428711e+00 2.340178012847900391e+00
2.016338109970092773e+00 0.000000000000000000e+00 0.000000000000000000e+00 0.000000000000000000e+00 0.000000000000000000e+00 1.056341552734375000e+01 2.112795257568359375e+01 0.000000000000000000e+00 1.058994674682617188e+01 0.000000000000000000e+00
1.957971191406250000e+01 1.870844721794128418e+00 7.061647415161132812e+00 0.000000000000000000e+00 1.983636021614074707e+00 0.000000000000000000e+00 2.588397502899169922e+00 0.000000000000000000e+00 3.320536613464355469e+00 2.404794216156005859e+00
0.000000000000000000e+00 0.000000000000000000e+00 0.000000000000000000e+00 1.010803937911987305e+00 5.930221080780029297e+00 0.000000000000000000e+00 0.000000000000000000e+00 8.856898307800292969e+00 7.526197910308837891e+00 1.140635490417480469e+01
2.848507881164550781e+00 0.000000000000000000e+00 0.000000000000000000e+00 0.000000000000000000e+00 3.401612281799316406e+00 8.799738883972167969e+00 2.702860260009765625e+01 0.000000000000000000e+00 6.219076156616210938e+00 0.000000000000000000e+00
0.000000000000000000e+00 1.393639373779296875e+01 0.000000000000000000e+00 0.000000000000000000e+00 5.039370536804199219e+00 0.000000000000000000e+00 3.747477531433105469e+00 1.395540714263916016e+00 3.270864486694335938e+00 0.000000000000000000e+00
1.165877580642700195e+00 0.000000000000000000e+00 0.000000000000000000e+00 0.000000000000000000e+00 3.915998935699462891e+00 1.235467338562011719e+01 2.311309051513671875e+01 0.000000000000000000e+00 9.264340400695800781e+00 0.000000000000000000e+00
0.000000000000000000e+00 7.586189270019531250e+00 1.996970176696777344e+00 0.000000000000000000e+00 1.877248001098632812e+01 0.000000000000000000e+00 0.000000000000000000e+00 6.200380325317382812e+00 2.171954870223999023e+00 2.675197720527648926e-01
8.229181170463562012e-02 1.319065475463867188e+01 4.196381568908691406e+00 0.000000000000000000e+00 2.871355414390563965e-01 0.000000000000000000e+00 0.000000000000000000e+00 6.850065231323242188e+00 3.083378791809082031e+00 0.000000000000000000e+00
0.000000000000000000e+00 0.000000000000000000e+00 2.404255628585815430e+00 1.927737045288085938e+01 0.000000000000000000e+00 1.221553230285644531e+01 0.000000000000000000e+00 0.000000000000000000e+00 7.471251487731933594e+00 9.780294418334960938e+00
1.568462371826171875e+00 3.307627439498901367e-01 1.839216947555541992e+00 0.000000000000000000e+00 0.000000000000000000e+00 3.152092695236206055e-01 0.000000000000000000e+00 1.546108245849609375e+01 5.611954689025878906e+00 6.917844772338867188e+00
3.888526201248168945e+00 3.378731966018676758e+00 2.259835433959960938e+01 0.000000000000000000e+00 0.000000000000000000e+00 0.000000000000000000e+00 0.000000000000000000e+00 4.044976234436035156e+00 1.628975868225097656e+00 0.000000000000000000e+00
3.741641044616699219e+00 1.300203514099121094e+01 3.513807296752929688e+01 3.427219390869140625e+00 0.000000000000000000e+00 0.000000000000000000e+00 0.000000000000000000e+00 1.261882543563842773e+00 5.126084327697753906e+00 0.000000000000000000e+00
2.407343864440917969e+00 4.905178546905517578e+00 1.509055852890014648e+00 0.000000000000000000e+00 0.000000000000000000e+00 0.000000000000000000e+00 0.000000000000000000e+00 1.330794811248779297e+01 2.001757144927978516e+00 5.593636035919189453e+00
0.000000000000000000e+00 6.573536396026611328e+00 0.000000000000000000e+00 0.000000000000000000e+00 1.652578544616699219e+01 2.004893779754638672e+00 0.000000000000000000e+00 8.534417152404785156e+00 5.917663097381591797e+00 2.593965530395507812e+00
0.000000000000000000e+00 3.164422512054443359e+00 0.000000000000000000e+00 0.000000000000000000e+00 2.662679862976074219e+01 0.000000000000000000e+00 0.000000000000000000e+00 1.133458137512207031e+01 1.638562321662902832e+00 5.066088676452636719e+00
0.000000000000000000e+00 1.554283237457275391e+01 0.000000000000000000e+00 0.000000000000000000e+00 4.413391113281250000e+00 0.000000000000000000e+00 0.000000000000000000e+00 5.732307910919189453e+00 3.391660690307617188e+00 0.000000000000000000e+00
0.000000000000000000e+00 1.479091262817382812e+01 2.131496667861938477e-01 0.000000000000000000e+00 4.234401226043701172e+00 0.000000000000000000e+00 0.000000000000000000e+00 5.221732139587402344e+00 2.932339429855346680e+00 6.934992074966430664e-01
0.000000000000000000e+00 0.000000000000000000e+00 0.000000000000000000e+00 5.437613010406494141e+00 0.000000000000000000e+00 1.740879821777343750e+01 0.000000000000000000e+00 4.010049819946289062e+00 7.500283241271972656e+00 3.512376308441162109e+00
0.000000000000000000e+00 3.956484198570251465e-01 0.000000000000000000e+00 0.000000000000000000e+00 2.269197845458984375e+01 0.000000000000000000e+00 1.025123500823974609e+01 0.000000000000000000e+00 1.753526687622070312e+00 7.731639862060546875e+00
0.000000000000000000e+00 7.431324958801269531e+00 0.000000000000000000e+00 0.000000000000000000e+00 2.112549209594726562e+01 0.000000000000000000e+00 1.255489110946655273e+00 8.980652809143066406e+00 2.753403425216674805e+00 6.930735707283020020e-02
2.784164190292358398e+00 5.020554065704345703e+00 2.319221019744873047e+00 0.000000000000000000e+00 7.303367137908935547e+00 1.971186995506286621e+00 4.088440895080566406e+00 0.000000000000000000e+00 4.469573020935058594e+00 0.000000000000000000e+00
0.000000000000000000e+00 1.278643989562988281e+01 1.375113487243652344e+00 0.000000000000000000e+00 1.143122553825378418e+00 0.000000000000000000e+00 7.932478785514831543e-01 3.194968700408935547e+00 2.635346174240112305e+00 0.000000000000000000e+00
0.000000000000000000e+00 1.312503051757812500e+01 1.877899169921875000e-01 0.000000000000000000e+00 2.953475475311279297e+00 0.000000000000000000e+00 2.208680212497711182e-01 4.138084888458251953e+00 2.565227508544921875e+00 0.000000000000000000e+00
0.000000000000000000e+00 3.538835048675537109e+00 0.000000000000000000e+00 3.201413631439208984e+00 1.051438617706298828e+01 6.560528278350830078e-01 0.000000000000000000e+00 5.376097679138183594e+00 3.887181758880615234e+00 1.847011566162109375e+01
0.000000000000000000e+00 3.677754640579223633e+00 0.000000000000000000e+00 1.689185857772827148e+00 4.168731689453125000e+00 0.000000000000000000e+00 0.000000000000000000e+00 1.890588951110839844e+01 0.000000000000000000e+00 4.865888118743896484e+00
0.000000000000000000e+00 1.123297929763793945e+00 2.641360759735107422e+00 2.870889663696289062e+01 0.000000000000000000e+00 5.869622230529785156e+00 0.000000000000000000e+00 3.052375316619873047e-01 1.164572525024414062e+01 7.542200088500976562e+00
0.000000000000000000e+00 3.436313390731811523e+00 0.000000000000000000e+00 0.000000000000000000e+00 2.589431571960449219e+01 1.101960897445678711e+00 0.000000000000000000e+00 8.789350509643554688e+00 2.119104862213134766e+00 1.294977378845214844e+01
2.289362192153930664e+00 9.888645172119140625e+00 2.602921676635742188e+01 5.554850101470947266e+00 0.000000000000000000e+00 0.000000000000000000e+00 0.000000000000000000e+00 5.540460586547851562e+00 7.608506202697753906e+00 0.000000000000000000e+00
0.000000000000000000e+00 8.285793066024780273e-01 3.846767902374267578e+00 1.741604089736938477e+00 1.655478096008300781e+01 1.413323879241943359e+00 0.000000000000000000e+00 0.000000000000000000e+00 0.000000000000000000e+00 3.617275953292846680e+00
0.000000000000000000e+00 4.384396553039550781e+00 1.171509385108947754e+00 0.000000000000000000e+00 1.837477493286132812e+01 1.015771389007568359e+00 0.000000000000000000e+00 5.768827438354492188e+00 0.000000000000000000e+00 5.661982297897338867e-02
0.000000000000000000e+00 1.398648166656494141e+01 0.000000000000000000e+00 0.000000000000000000e+00 3.178972244262695312e+00 0.000000000000000000e+00 0.000000000000000000e+00 2.758969068527221680e+00 2.607026815414428711e+00 4.226506352424621582e-01
1.378257036209106445e+00 7.469683647155761719e+00 1.920734214782714844e+01 1.540176153182983398e+00 0.000000000000000000e+00 0.000000000000000000e+00 0.000000000000000000e+00 6.427212715148925781e+00 0.000000000000000000e+00 1.627966642379760742e+00
0.000000000000000000e+00 0.000000000000000000e+00 0.000000000000000000e+00 4.894344806671142578e+00 0.000000000000000000e+00 2.209634304046630859e+00 0.000000000000000000e+00 7.783318519592285156e+00 2.492543220520019531e+00 1.266309833526611328e+01
0.000000000000000000e+00 8.015317916870117188e+00 6.675859928131103516e+00 7.296536445617675781e+00 0.000000000000000000e+00 0.000000000000000000e+00 0.000000000000000000e+00 1.640423202514648438e+01 3.952252149581909180e+00 2.976331233978271484e+00
0.000000000000000000e+00 0.000000000000000000e+00 0.000000000000000000e+00 1.549214649200439453e+01 6.384669542312622070e-01 2.330410385131835938e+01 0.000000000000000000e+00 0.000000000000000000e+00 4.272491455078125000e+00 5.184928417205810547e+00
1.083665609359741211e+00 0.000000000000000000e+00 0.000000000000000000e+00 0.000000000000000000e+00 0.000000000000000000e+00 1.755912017822265625e+01 2.427051925659179688e+01 0.000000000000000000e+00 1.131493949890136719e+01 3.257818698883056641e+00
3.352645874023437500e+00 0.000000000000000000e+00 7.034341812133789062e+00 1.924790382385253906e+00 0.000000000000000000e+00 0.000000000000000000e+00 0.000000000000000000e+00 0.000000000000000000e+00 1.741878890991210938e+01 0.000000000000000000e+00
0.000000000000000000e+00 0.000000000000000000e+00 2.548759937286376953e+00 2.576833915710449219e+01 0.000000000000000000e+00 7.030472278594970703e+00 0.000000000000000000e+00 0.000000000000000000e+00 8.405349731445312500e+00 1.315718746185302734e+01
0.000000000000000000e+00 0.000000000000000000e+00 4.950798034667968750e+00 5.164791107177734375e+00 0.000000000000000000e+00 7.430106401443481445e-01 0.000000000000000000e+00 0.000000000000000000e+00 2.309905242919921875e+01 2.063948631286621094e+00
0.000000000000000000e+00 0.000000000000000000e+00 0.000000000000000000e+00 5.905842304229736328e+00 7.295883178710937500e+00 3.367816805839538574e-01 0.000000000000000000e+00 8.484833717346191406e+00 6.528494834899902344e+00 1.981792068481445312e+01
0.000000000000000000e+00 1.674336624145507812e+01 0.000000000000000000e+00 0.000000000000000000e+00 5.065450191497802734e+00 0.000000000000000000e+00 0.000000000000000000e+00 3.059334754943847656e+00 3.452495098114013672e+00 1.665213584899902344e+00
1.345467567443847656e-02 1.748888397216796875e+01 1.708692431449890137e+00 0.000000000000000000e+00 4.817783355712890625e+00 0.000000000000000000e+00 5.082436203956604004e-01 4.708051204681396484e+00 4.220582008361816406e+00 0.000000000000000000e+00
2.433584630489349365e-01 1.650807571411132812e+01 2.994031906127929688e+00 0.000000000000000000e+00 3.222146987915039062e+00 0.000000000000000000e+00 0.000000000000000000e+00 3.577675819396972656e+00 3.777886867523193359e+00 0.000000000000000000e+00
0.000000000000000000e+00 1.278202438354492188e+01 8.374478340148925781e+00 3.689007282257080078e+00 0.000000000000000000e+00 6.871945858001708984e-01 0.000000000000000000e+00 2.863682031631469727e+00 0.000000000000000000e+00 0.000000000000000000e+00
0.000000000000000000e+00 9.733944892883300781e+00 1.945811462402343750e+01 1.540349245071411133e+00 0.000000000000000000e+00 0.000000000000000000e+00 0.000000000000000000e+00 4.993048667907714844e+00 0.000000000000000000e+00 4.244546890258789062e+00
6.794075965881347656e+00 0.000000000000000000e+00 0.000000000000000000e+00 4.997985363006591797e-01 7.546504974365234375e+00 6.831137657165527344e+00 2.004722023010253906e+01 0.000000000000000000e+00 2.272087097167968750e+00 0.000000000000000000e+00
0.000000000000000000e+00 0.000000000000000000e+00 0.000000000000000000e+00 1.829754114151000977e+00 7.913856983184814453e+00 5.123854637145996094e+00 0.000000000000000000e+00 4.803720474243164062e+00 4.135641574859619141e+00 2.037052536010742188e+01
5.874998569488525391e-01 5.145145416259765625e+00 2.191631793975830078e-01 0.000000000000000000e+00 0.000000000000000000e+00 0.000000000000000000e+00 0.000000000000000000e+00 1.660537338256835938e+01 3.306908130645751953e+00 2.918587923049926758e+00
0.000000000000000000e+00 3.909253120422363281e+00 0.000000000000000000e+00 0.000000000000000000e+00 2.406755065917968750e+01 0.000000000000000000e+00 3.842641830444335938e+00 4.556700706481933594e+00 1.308441042900085449e+00 5.893544197082519531e+00
0.000000000000000000e+00 3.716525077819824219e+00 4.542124271392822266e+00 7.598646163940429688e+00 0.000000000000000000e+00 0.000000000000000000e+00 0.000000000000000000e+00 2.025782775878906250e+01 1.220421671867370605e+00 5.489409446716308594e+00
0.000000000000000000e+00 2.602339267730712891e+00 0.000000000000000000e+00 3.357142925262451172e+00 0.000000000000000000e+00 1.402660751342773438e+01 7.462210655212402344e+00 0.000000000000000000e+00 6.011468887329101562e+00 5.835486650466918945e-01
0.000000000000000000e+00 1.165296912193298340e+00 0.000000000000000000e+00 2.708859252929687500e+01 0.000000000000000000e+00 1.654100227355957031e+01 0.000000000000000000e+00 0.000000000000000000e+00 9.477828979492187500e+00 1.200943565368652344e+01
0.000000000000000000e+00 0.000000000000000000e+00 0.000000000000000000e+00 3.808037757873535156e+00 0.000000000000000000e+00 1.602100753784179688e+01 7.188425064086914062e+00 0.000000000000000000e+00 5.924365043640136719e+00 1.053207302093505859e+01
1.779092907905578613e+00 0.000000000000000000e+00 0.000000000000000000e+00 1.652971744537353516e+00 0.000000000000000000e+00 7.550773620605468750e+00 2.240137863159179688e+01 0.000000000000000000e+00 6.621438980102539062e+00 2.254062891006469727e-02
0.000000000000000000e+00 2.262850522994995117e+00 2.610494136810302734e+00 0.000000000000000000e+00 1.688117790222167969e+01 7.536127567291259766e-01 0.000000000000000000e+00 1.239956617355346680e+00 0.000000000000000000e+00 5.239601612091064453e+00
0.000000000000000000e+00 3.761049985885620117e+00 2.745890617370605469e-01 6.164803504943847656e+00 0.000000000000000000e+00 0.000000000000000000e+00 0.000000000000000000e+00 1.819747543334960938e+01 4.388583183288574219e+00 5.705698013305664062e+00
2.054359626770019531e+01 0.000000000000000000e+00 5.105918407440185547e+00 0.000000000000000000e+00 2.676570892333984375e+00 0.000000000000000000e+00 3.981937408447265625e+00 2.409450769424438477e+00 0.000000000000000000e+00 7.572711467742919922e+00
0.000000000000000000e+00 0.000000000000000000e+00 4.945310115814208984e+00 5.836191177368164062e+00 0.000000000000000000e+00 2.725027799606323242e+00 1.994054317474365234e-01 0.000000000000000000e+00 2.539216423034667969e+01 4.523405432701110840e-01
4.882523536682128906e+00 0.000000000000000000e+00 0.000000000000000000e+00 5.639241695404052734e+00 5.923300743103027344e+00 5.699448585510253906e+00 2.118756484985351562e+01 0.000000000000000000e+00 2.786169290542602539e+00 0.000000000000000000e+00
1.994090318679809570e+00 0.000000000000000000e+00 1.130423784255981445e+00 0.000000000000000000e+00 2.642203271389007568e-01 1.032614898681640625e+01 1.869666671752929688e+01 0.000000000000000000e+00 9.153451919555664062e+00 0.000000000000000000e+00
0.000000000000000000e+00 0.000000000000000000e+00 0.000000000000000000e+00 2.770507431030273438e+01 0.000000000000000000e+00 6.439545154571533203e+00 0.000000000000000000e+00 6.934813976287841797e+00 8.116108894348144531e+00 9.170492172241210938e+00
3.758274316787719727e-01 0.000000000000000000e+00 0.000000000000000000e+00 3.949074268341064453e+00 0.000000000000000000e+00 3.321733474731445312e+00 0.000000000000000000e+00 6.628503799438476562e-01 1.980891799926757812e+01 2.872673988342285156e+00
0.000000000000000000e+00 5.870888829231262207e-01 4.299198389053344727e-01 0.000000000000000000e+00 2.093336105346679688e+01 4.638829708099365234e+00 0.000000000000000000e+00 5.262971878051757812e+00 1.604659080505371094e+00 1.075055980682373047e+01
0.000000000000000000e+00 9.859576821327209473e-02 7.293766975402832031e+00 0.000000000000000000e+00 1.719186019897460938e+01 0.000000000000000000e+00 0.000000000000000000e+00 4.358996391296386719e+00 2.088818073272705078e+00 5.019330978393554688e+00
0.000000000000000000e+00 0.000000000000000000e+00 0.000000000000000000e+00 6.972912311553955078e+00 5.948300361633300781e+00 6.467159748077392578e+00 0.000000000000000000e+00 6.827364921569824219e+00 4.516151428222656250e+00 2.307580757141113281e+01
0.000000000000000000e+00 4.203039169311523438e+00 1.887691879272460938e+01 8.642930984497070312e+00 0.000000000000000000e+00 0.000000000000000000e+00 0.000000000000000000e+00 1.145168685913085938e+01 2.898606777191162109e+00 0.000000000000000000e+00
2.399291992187500000e+00 0.000000000000000000e+00 7.653140068054199219e+00 3.122485876083374023e+00 0.000000000000000000e+00 1.906215190887451172e+00 5.967729568481445312e+00 0.000000000000000000e+00 1.640652656555175781e+01 0.000000000000000000e+00
0.000000000000000000e+00 0.000000000000000000e+00 0.000000000000000000e+00 8.454828262329101562e+00 7.072560787200927734e+00 8.551168441772460938e+00 0.000000000000000000e+00 2.620838165283203125e+00 4.369416236877441406e+00 1.829376029968261719e+01
1.571031475067138672e+01 1.119461297988891602e+00 5.279271125793457031e+00 0.000000000000000000e+00 4.278098344802856445e-01 0.000000000000000000e+00 0.000000000000000000e+00 5.234905242919921875e+00 0.000000000000000000e+00 6.674197196960449219e+00
0.000000000000000000e+00 5.744081497192382812e+00 8.139253616333007812e+00 1.962366104125976562e+01 0.000000000000000000e+00 4.124308228492736816e-01 0.000000000000000000e+00 3.189585208892822266e+00 2.995192289352416992e+00 0.000000000000000000e+00
2.332306146621704102e+00 0.000000000000000000e+00 0.000000000000000000e+00 0.000000000000000000e+00 6.018494606018066406e+00 7.735146522521972656e+00 2.407460021972656250e+01 0.000000000000000000e+00 4.564958095550537109e+00 0.000000000000000000e+00
2.058872413635253906e+01 0.000000000000000000e+00 1.409711480140686035e+00 0.000000000000000000e+00 0.000000000000000000e+00 5.242338180541992188e+00 8.316566467285156250e+00 0.000000000000000000e+00 8.983219861984252930e-01 4.464729785919189453e+00
0.000000000000000000e+00 2.355109930038452148e+00 3.956615209579467773e+00 0.000000000000000000e+00 1.553931331634521484e+01 3.358054637908935547e+00 0.000000000000000000e+00 4.798326492309570312e+00 5.705285072326660156e-01 5.351611137390136719e+00
5.918885231018066406e+00 2.591253042221069336e+00 6.798784255981445312e+00 0.000000000000000000e+00 5.779860496520996094e+00 6.444843292236328125e+00 1.773519134521484375e+01 0.000000000000000000e+00 2.042275667190551758e+00 0.000000000000000000e+00
0.000000000000000000e+00 4.177163839340209961e-01 0.000000000000000000e+00 2.642838287353515625e+01 0.000000000000000000e+00 1.189033317565917969e+01 0.000000000000000000e+00 6.687755584716796875e-01 1.107478523254394531e+01 1.325879859924316406e+01
0.000000000000000000e+00 0.000000000000000000e+00 0.000000000000000000e+00 2.844673538208007812e+01 0.000000000000000000e+00 1.147542476654052734e+01 0.000000000000000000e+00 2.281385660171508789e-01 9.875221252441406250e+00 9.127632141113281250e+00
0.000000000000000000e+00 0.000000000000000000e+00 0.000000000000000000e+00 1.576864242553710938e+00 4.119881987571716309e-01 2.501467227935791016e+00 0.000000000000000000e+00 1.713431549072265625e+01 0.000000000000000000e+00 9.442040443420410156e+00
1.761003613471984863e+00 7.504921555519104004e-01 1.586711025238037109e+01 4.472527503967285156e+00 0.000000000000000000e+00 0.000000000000000000e+00 0.000000000000000000e+00 1.096913242340087891e+01 1.687865734100341797e+00 0.000000000000000000e+00
0.000000000000000000e+00 0.000000000000000000e+00 0.000000000000000000e+00 1.431433200836181641e+00 7.663791179656982422e-01 1.910227203369140625e+01 3.558008670806884766e+00 0.000000000000000000e+00 7.636580467224121094e+00 8.252886772155761719e+00
0.000000000000000000e+00 1.069463348388671875e+01 4.111849784851074219e+00 0.000000000000000000e+00 3.699873685836791992e+00 0.000000000000000000e+00 0.000000000000000000e+00 0.000000000000000000e+00 5.615504741668701172e+00 0.000000000000000000e+00
0.000000000000000000e+00 2.169054269790649414e+00 9.267534613609313965e-01 1.346637248992919922e+00 1.551615238189697266e+00 8.562258481979370117e-01 0.000000000000000000e+00 9.821348190307617188e+00 7.231671810150146484e-01 8.115429878234863281e+00
0.000000000000000000e+00 2.772465348243713379e-01 0.000000000000000000e+00 6.115592002868652344e+00 1.198863029479980469e+01 0.000000000000000000e+00 0.000000000000000000e+00 4.690530300140380859e+00 7.920999526977539062e+00 2.428850936889648438e+01
0.000000000000000000e+00 2.273477792739868164e+00 6.789399147033691406e+00 3.144246816635131836e+00 1.461529016494750977e+00 0.000000000000000000e+00 6.584422588348388672e-01 0.000000000000000000e+00 8.416903495788574219e+00 0.000000000000000000e+00
0.000000000000000000e+00 1.290091991424560547e+00 3.290441513061523438e+00 2.561366271972656250e+01 0.000000000000000000e+00 5.964286804199218750e+00 0.000000000000000000e+00 6.441346168518066406e+00 1.072340965270996094e+01 1.442816257476806641e+00
0.000000000000000000e+00 0.000000000000000000e+00 8.911371231079101562e-02 7.550321578979492188e+00 0.000000000000000000e+00 2.221938371658325195e+00 0.000000000000000000e+00 1.831999778747558594e+00 2.463052749633789062e+01 5.745167732238769531e+00
