1.034898012876510620e-01 -1.215952262282371521e-01 2.101559191942214966e-01 -4.585612565279006958e-02 1.874309480190277100e-01 -5.190559104084968567e-02 -5.277792364358901978e-02 8.764991909265518188e-02 7.035021483898162842e-02 2.617994248867034912e-01 2.772748842835426331e-02 -1.459830552339553833e-01 1.079951822757720947e-01 2.107433080673217773e-01 1.894550584256649017e-02 5.863634869456291199e-02 2.184855565428733826e-02 9.500301629304885864e-02 1.738414401188492775e-03 1.045569032430648804e-01
-9.262092411518096924e-02 -1.138818040490150452e-01 -1.286308765411376953e-01 1.771644800901412964e-01 4.554004967212677002e-02 -1.407198905944824219e-01 2.323553413152694702e-01 1.732599139213562012e-01 1.371517777442932129e-01 2.256506234407424927e-01 1.267325729131698608e-01 3.193774223327636719e-01 3.986718058586120605e-01 3.201553523540496826e-01 -1.417895499616861343e-02 7.060006260871887207e-02 6.632075458765029907e-02 6.354012340307235718e-02 4.208640158176422119e-01 3.914557099342346191e-01
-1.717673242092132568e-01 -2.686165273189544678e-01 -1.275787949562072754e-01 -2.252101898193359375e-02 1.531419157981872559e-01 -3.580649569630622864e-02 -2.226467430591583252e-01 -1.238051801919937134e-01 -8.115954697132110596e-03 2.213516533374786377e-01 -1.030434966087341309e-01 -2.112093269824981689e-01 -1.609291285276412964e-01 1.470431834459304810e-01 3.759970190003514290e-03 5.520484596490859985e-02 9.207043051719665527e-02 -1.742620021104812622e-01 -1.036055684089660645e-01 2.489242851734161377e-01
-1.793133318424224854e-01 -1.320664305239915848e-02 -2.408430576324462891e-01 -1.004269272089004517e-01 7.178280502557754517e-02 -7.435869425535202026e-02 -2.252654135227203369e-01 -1.729598194360733032e-01 1.997490525245666504e-01 4.888880252838134766e-02 -7.896506041288375854e-02 -2.082587629556655884e-01 1.888324320316314697e-01 2.932752966880798340e-01 2.653570473194122314e-01 9.164246916770935059e-02 2.078656107187271118e-01 -5.718300864100456238e-02 1.541109085083007812e-01 2.423678711056709290e-02
-6.560160219669342041e-02 -1.352297961711883545e-01 2.780286967754364014e-01 2.248212099075317383e-01 -2.208760082721710205e-01 -1.617468744516372681e-01 2.172206938266754150e-01 2.722010314464569092e-01 -1.028785854578018188e-01 -6.242670118808746338e-02 2.601313404738903046e-02 1.153802722692489624e-01 4.493083432316780090e-02 3.860329091548919678e-02 -1.246298402547836304e-01 -2.575236372649669647e-02 2.603884637355804443e-01 2.512325644493103027e-01 -3.799215704202651978e-02 -2.432917505502700806e-01
-7.960108667612075806e-02 1.816746592521667480e-01 -8.869199454784393311e-02 2.264570146799087524e-01 1.675432622432708740e-01 -2.216514796018600464e-01 -8.950332552194595337e-02 2.404867112636566162e-01 5.085904598236083984e-01 3.524326980113983154e-01 1.255472451448440552e-01 1.366445720195770264e-01 8.908933401107788086e-02 5.465990900993347168e-01 2.100940495729446411e-01 1.939648389816284180e-01 -7.666225731372833252e-02 2.675990462303161621e-01 1.449579149484634399e-01 3.208268284797668457e-01
-2.687056548893451691e-03 -1.885193735361099243e-01 1.459614485502243042e-01 2.630923688411712646e-01 3.642730414867401123e-01 2.568779587745666504e-01 -4.954637587070465088e-02 -1.226946189999580383e-01 -2.584853768348693848e-01 -2.936064302921295166e-01 9.005474299192428589e-02 -1.682243868708610535e-02 -2.660888731479644775e-01 -1.191092804074287415e-01 6.916970014572143555e-02 4.290666580200195312e-01 2.833959460258483887e-01 2.342226207256317139e-01 -1.939999908208847046e-01 -5.767046660184860229e-02
4.438285827636718750e-01 2.586888074874877930e-01 1.882157027721405029e-01 1.248034015297889709e-01 2.780506014823913574e-01 2.748867273330688477e-01 3.311763107776641846e-01 2.591352462768554688e-01 -6.874816864728927612e-02 2.851896546781063080e-02 -1.025359928607940674e-01 2.148517072200775146e-01 2.405539155006408691e-01 8.529382944107055664e-02 1.432503163814544678e-01 2.950300872325897217e-01 5.022391676902770996e-02 4.621704518795013428e-01 3.676419258117675781e-01 2.991734445095062256e-01
-5.620447173714637756e-02 -3.580110147595405579e-02 1.070381477475166321e-01 3.675724565982818604e-01 4.028949439525604248e-01 -9.067143499851226807e-02 5.975319817662239075e-02 -3.149292171001434326e-01 -3.916913568973541260e-01 -6.116497144103050232e-02 -5.672734975814819336e-02 -4.135297834873199463e-01 -3.031486272811889648e-01 -4.300293326377868652e-01 -2.627533972263336182e-01 2.683661580085754395e-01 3.011922538280487061e-01 -6.157823279500007629e-02 -1.683103740215301514e-01 -1.574230045080184937e-01
4.237480089068412781e-02 2.678606510162353516e-01 -2.269975543022155762e-01 -6.576569378376007080e-02 -1.953218728303909302e-01 3.190751373767852783e-01 -1.097905784845352173e-01 -2.556920349597930908e-01 6.598976999521255493e-02 9.667527675628662109e-02 2.425594031810760498e-01 -1.673321612179279327e-02 -3.786193951964378357e-02 -3.408302087336778641e-03 -1.454756408929824829e-01 -6.526801735162734985e-02 -5.576818436384201050e-02 -1.080753356218338013e-01 1.927413605153560638e-02 -1.706528216600418091e-01
-1.102811396121978760e-01 -1.027760934084653854e-02 1.687271147966384888e-01 -9.013237059116363525e-02 -1.206628307700157166e-01 8.152310550212860107e-02 5.134070664644241333e-02 7.871283218264579773e-03 -1.489621251821517944e-01 1.394722163677215576e-01 -1.161870658397674561e-01 -1.085779592394828796e-01 -1.072826832532882690e-01 -1.768944412469863892e-01 -1.947539895772933960e-01 -1.514692604541778564e-01 5.399148166179656982e-02 -1.994446069002151489e-01 -2.449039369821548462e-02 -1.826005578041076660e-01
-1.062110960483551025e-01 -2.227737382054328918e-02 8.913118392229080200e-02 -1.113141179084777832e-01 2.314844578504562378e-01 -1.462084203958511353e-01 -3.156070411205291748e-01 -3.160443902015686035e-01 -1.456412971019744873e-01 -2.060013636946678162e-02 -7.616429775953292847e-02 -4.151746258139610291e-02 1.536140292882919312e-01 3.113892972469329834e-01 3.046546876430511475e-01 2.591743767261505127e-01 3.309230804443359375e-01 5.580738186836242676e-01 4.258647859096527100e-01 2.017624229192733765e-01
3.150744736194610596e-01 4.277474880218505859e-01 1.061147376894950867e-01 5.335570499300956726e-02 -1.064520701766014099e-01 2.876774594187736511e-02 -1.742799729108810425e-01 -3.505351245403289795e-01 -2.625018060207366943e-01 -5.715137720108032227e-02 -2.684539556503295898e-01 -1.938870698213577271e-01 -2.108884304761886597e-01 2.671321667730808258e-02 1.944881528615951538e-01 -7.844245433807373047e-02 2.610564790666103363e-02 -7.614231854677200317e-02 3.029328882694244385e-01 3.936947882175445557e-01
-1.714967936277389526e-01 2.341208048164844513e-02 1.446994245052337646e-01 2.066306173801422119e-01 3.325526714324951172e-01 3.215632215142250061e-02 2.447324544191360474e-01 4.844250977039337158e-01 1.713564544916152954e-01 2.698669731616973877e-01 2.545004710555076599e-02 4.231422543525695801e-01 4.749008417129516602e-01 3.783271014690399170e-01 -1.401281505823135376e-01 -6.850627833046019077e-04 -7.059006392955780029e-02 8.451557904481887817e-02 -2.067719846963882446e-01 4.372242838144302368e-02
2.352582812309265137e-01 -1.097848266363143921e-01 -1.399733424186706543e-01 -1.192146465182304382e-01 -1.566978543996810913e-02 -1.289289258420467377e-02 1.140686497092247009e-01 -1.240689773112535477e-02 -2.937834709882736206e-02 -2.011898756027221680e-01 1.764529049396514893e-01 4.138761013746261597e-02 6.732755899429321289e-02 -1.883648037910461426e-01 -1.427727192640304565e-01 2.233899831771850586e-01 -9.665336459875106812e-02 7.891719788312911987e-02 3.954195231199264526e-02 -4.639370366930961609e-02
-1.355995535850524902e-01 -3.061419725418090820e-02 -9.422663599252700806e-02 -1.641346961259841919e-01 7.967635989189147949e-02 -7.577878236770629883e-02 -6.301461160182952881e-02 1.875125057995319366e-02 -1.751852333545684814e-01 -8.196245878934860229e-02 -3.647307676146738231e-05 -1.310828328132629395e-01 -3.020904585719108582e-02 -1.309001743793487549e-01 -3.278561681509017944e-02 -7.491661608219146729e-02 1.055787131190299988e-01 -1.399611383676528931e-01 -1.614545881748199463e-01 -3.658142685890197754e-02
2.162891179323196411e-01 -2.430315874516963959e-02 3.791676461696624756e-02 -2.433716290397569537e-04 1.353609859943389893e-01 3.261739909648895264e-01 2.476247102022171021e-01 3.225050866603851318e-01 4.542514681816101074e-02 -2.328701689839363098e-02 -1.204934250563383102e-02 3.218326568603515625e-01 3.257861137390136719e-01 2.152197062969207764e-01 4.768549278378486633e-02 8.648811280727386475e-02 2.047796547412872314e-02 -1.000346094369888306e-01 1.776283420622348785e-02 -1.451862007379531860e-01
1.848299652338027954e-01 5.546040460467338562e-02 1.774755418300628662e-01 1.145024225115776062e-01 5.211836472153663635e-02 -1.334293782711029053e-01 -8.930919319391250610e-02 -1.951562315225601196e-01 -1.196437031030654907e-01 -3.926739096641540527e-02 -1.924800425767898560e-01 1.521990075707435608e-02 6.590718030929565430e-02 7.073125988245010376e-02 1.490679383277893066e-01 3.227115049958229065e-02 -2.355005592107772827e-01 -1.135681346058845520e-01 8.583677560091018677e-02 2.765416204929351807e-01
-1.999256014823913574e-02 -2.566294074058532715e-01 -1.237231567502021790e-01 -2.134073153138160706e-02 3.957905471324920654e-01 -2.115433216094970703e-01 6.033711880445480347e-02 1.048305481672286987e-01 7.519672811031341553e-02 3.049609065055847168e-01 -1.431836336851119995e-01 -6.563749164342880249e-02 1.885540336370468140e-01 2.847846448421478271e-01 1.456397473812103271e-01 6.822902709245681763e-02 4.256392717361450195e-01 4.902687966823577881e-01 5.380281209945678711e-01 2.739664912223815918e-01
3.562002182006835938e-01 3.680783510208129883e-01 3.569882512092590332e-01 3.989001810550689697e-01 4.736530482769012451e-01 1.800267249345779419e-01 -9.303030557930469513e-03 1.303158253431320190e-01 5.211669206619262695e-01 4.746511280536651611e-01 -4.111433923244476318e-01 -3.936870396137237549e-01 -1.048836559057235718e-01 2.153422385454177856e-01 2.986831665039062500e-01 -3.810792863368988037e-01 -2.777624428272247314e-01 -7.188721746206283569e-02 -2.432676032185554504e-02 1.858897060155868530e-01
-4.040878638625144958e-02 -7.882042229175567627e-02 9.553966671228408813e-02 1.652212440967559814e-01 2.691184282302856445e-01 3.615919649600982666e-01 6.449251621961593628e-02 3.956881761550903320e-01 2.729456126689910889e-01 1.264933645725250244e-01 3.524435460567474365e-01 3.106585741043090820e-01 2.235474735498428345e-01 2.008850723505020142e-01 6.412324309349060059e-02 -2.956036478281021118e-02 -1.396804302930831909e-01 -1.822497993707656860e-01 -1.680387854576110840e-01 -6.681403517723083496e-02
-2.434582412242889404e-01 8.797856979072093964e-03 -2.085688412189483643e-01 -2.586749196052551270e-01 -1.418052148073911667e-02 -1.315684318542480469e-01 -1.747025400400161743e-01 -5.523333325982093811e-02 -6.648143380880355835e-02 -1.955226249992847443e-02 1.471990495920181274e-01 -5.799515917897224426e-02 -1.748556271195411682e-02 -1.711419597268104553e-02 8.980146050453186035e-02 1.206825599074363708e-01 -9.548939764499664307e-02 -8.093950152397155762e-02 -9.477847069501876831e-02 1.283275336027145386e-02
6.195548176765441895e-02 1.817691326141357422e-02 -9.754817001521587372e-03 5.859696865081787109e-02 5.447779968380928040e-02 8.674336224794387817e-02 -3.061946295201778412e-02 -3.971057012677192688e-02 -1.405176073312759399e-01 9.703136235475540161e-02 -1.551571935415267944e-01 -2.746168756857514381e-04 -9.070124477148056030e-02 -2.702032681554555893e-03 -9.203886985778808594e-02 6.801185756921768188e-02 -1.456863433122634888e-01 -3.403038531541824341e-02 -2.806069329380989075e-02 -1.636395007371902466e-01
-1.609944105148315430e-01 1.989287324249744415e-02 -7.854403555393218994e-02 -1.526311784982681274e-01 -1.063179820775985718e-01 2.823605760931968689e-02 -4.068090766668319702e-02 -1.389363110065460205e-01 -1.197687014937400818e-01 -5.658105015754699707e-02 -7.423835992813110352e-02 -1.085052266716957092e-01 1.237989664077758789e-01 -1.616124063730239868e-01 2.586570978164672852e-01 -1.635443270206451416e-01 6.430371850728988647e-02 -2.071069777011871338e-01 2.057494074106216431e-01 2.281447499990463257e-01
-1.779232472181320190e-01 -8.860795944929122925e-02 2.622035704553127289e-02 4.750777184963226318e-01 6.269502639770507812e-02 -1.568585634231567383e-01 2.973181903362274170e-01 4.622757136821746826e-01 6.500319242477416992e-01 3.571771979331970215e-01 2.195293307304382324e-01 4.893521666526794434e-01 1.971914023160934448e-01 4.954731762409210205e-01 3.261034786701202393e-01 6.219907477498054504e-02 3.319422900676727295e-01 2.356005907058715820e-01 -9.845865517854690552e-02 -4.625522997230291367e-03
